0001p1_1_1_2 	2 	311 	62 	1.016686072077446 	0.8246094914680185 	0.099148166327609 	62 	 11.89930636275123 	9.191977842819805 	0.3064516129032258 	0.3522633817393799 	1.283858608089613 	0.9658385093167702 	0.015204314606741572 	0.10720453890927455 	2.636001304048431 	0.43844029492272585   
0001p1_3_1_2 	2 	327 	68 	0.8886685101417495 	0.7975654314217149 	0.07444998807991979 	68 	 11.928915255028318 	9.705103106246762 	0.16176470588235295 	0.2836367870880281 	1.4355455849437344 	0.9342857142857143 	0.01482729411764706 	0.10192221574294563 	4.236368585203546 	1.1304013600365541   
0003f1_1_1_2 	2 	571 	111 	0.5823713676486557 	0.7682288383129514 	0.10586644853616153 	111 	 15.76485285662138 	13.209431442896696 	0.26126126126126126 	0.3418678551533384 	1.4284685162825823 	0.8299418604651163 	0.02447121568627451 	0.12815171487335297 	2.4991666034316866 	0.3533409277642155   
0003f1_2_1_2 	2 	411 	79 	0.8275562125463259 	0.7453171846112429 	0.11346895552378718 	79 	 14.115157534996092 	10.578912764491918 	0.27848101265822783 	0.3325044439636378 	1.465558274638566 	0.8857758620689655 	0.014075243243243243 	0.08873178379847006 	2.946063110246219 	0.4411438533636754   
0003f1_3_1_2 	2 	607 	98 	0.7942302127151205 	0.8122393556203468 	0.11128637200506308 	98 	 15.43741314359421 	13.726643555969554 	0.45918367346938777 	0.42380733994479974 	1.5379187160664674 	0.8733812949640288 	0.026087913978494623 	0.13163806334858924 	2.4121696805668753 	0.24569892244410502   
0003s1_1_1_1 	1 	405 	72 	0.9817477042468102 	0.855582190142608 	0.07038312923041977 	72 	 12.657175050976418 	11.11901869318382 	0.2916666666666667 	0.3142696805273545 	1.4553997605530185 	0.9551886792452831 	0.01496757894736842 	0.09420717048630645 	2.91551534617229 	0.35861124929710264   
0003s1_3_1_1 	1 	495 	84 	0.8815693670787685 	0.7759090172742543 	0.10359550078444527 	84 	 14.191174639508358 	12.308283038371727 	0.2976190476190476 	0.3829930462415574 	1.4747436290438578 	0.9235074626865671 	0.016745960264900665 	0.0976271821607776 	2.1434533739297557 	0.09868449638030258   
0003s1_5_1_1 	1 	425 	76 	0.9246377269914556 	0.8396959302352704 	0.10168696224938342 	76 	 13.134634767434871 	11.512896384343556 	0.4473684210526316 	0.4251445900369345 	1.5074969700087764 	0.906183368869936 	0.01568367816091954 	0.09596468661287663 	3.0038131225419584 	0.6262813841487559   
0004p1_1_1 	1 	65 	54 	0.2801145713077319 	0.5923992814076046 	0.24675180487914475 	53 	 9.24074729990783 	4.288358632811235 	0.46296296296296297 	0.41573970964154905 	1.4901124629579425 	0.47101449275362317 	0.003553 	0.05531380940094837 	2.7838731380547195 	-0.7360375577570166   
0004p1_2_1 	1 	123 	58 	0.45947193387817425 	0.6714910205171707 	0.24578477209215954 	57 	 9.765996395829276 	5.119530070953561 	0.5 	0.43787672755863083 	1.356045425461164 	0.7454545454545455 	0.00680416 	0.07657708930675285 	2.6601647103753283 	-0.11936562824963226   
0004p1_3_1 	1 	324 	74 	0.7435179107108056 	0.6923157142312824 	0.13219870879088155 	74 	 13.109715908468083 	9.364807441538732 	0.1891891891891892 	0.3418678551533384 	1.4661945830513372 	0.9152542372881356 	0.01729876439790576 	0.11907905992510938 	3.5190605406286766 	0.8091636269231088   
0004p1_4_1 	1 	477 	120 	0.4162610266006476 	0.6152622579289316 	0.16247224609634367 	120 	 16.13402750700831 	12.08473652324367 	0.275 	0.33071891388307384 	1.5151610933216693 	0.6775568181818182 	0.026055798319327732 	0.14726673024689024 	2.1608835640389725 	-0.13084267647441652   
0005p1_2_1 	1 	170 	70 	0.4359761233553182 	0.6155140364144157 	0.24599573075210499 	70 	 13.563822288865529 	5.801479572369547 	0.5 	0.4642307659791978 	1.4597743047694862 	0.6137184115523465 	0.004933104294478527 	0.05227404777433433 	2.069930487983056 	0.3841509144509253   
0005p1_4_1 	1 	469 	92 	0.6963170862635222 	0.6761711336645307 	0.1336713966479854 	92 	 15.408384351567774 	11.222600085351132 	0.21739130434782608 	0.3483352251948275 	1.4494186411854901 	0.8701298701298701 	0.018946302158273386 	0.10994417188961562 	2.349091023862322 	-0.12974337807307504   
0006p1_1_1_2 	2 	335 	92 	0.4973693473310873 	0.6923778223154161 	0.18086537731326172 	92 	 13.846937736102399 	9.46388509115786 	0.44565217391304346 	0.4330127018922193 	1.4751621024547625 	0.7142857142857143 	0.014524121212121212 	0.10020913856449001 	2.104425368229896 	0.1471065770286183   
0006p1_3_1_2 	2 	67 	44 	0.43488989212916557 	0.6541626824182907 	0.2240450511198732 	44 	 7.3369707299142926 	4.293294482617431 	0.3409090909090909 	0.36576083953252464 	1.335770226661004 	0.6633663366336634 	0.0037199999999999993 	0.05691675174837194 	2.4234224168528837 	-0.4010904030708678   
0006s1_3_1_1 	1 	63 	46 	0.37414052396248954 	0.6511519258885758 	0.2129040858157551 	46 	 6.603501314086788 	4.943440260091814 	0.34782608695652173 	0.3967019041498838 	1.3675992777756432 	0.5727272727272728 	0.002445931972789115 	0.03953283723709472 	2.5326701625164403 	0.4648974094254757   
0006t1_2_1_1 	1 	170 	57 	0.6575201614161463 	0.7279868191681952 	0.17071761144727912 	57 	 10.245828095493257 	6.406925514019802 	0.6140350877192983 	0.4772445792538752 	1.5190323923337168 	0.8415841584158416 	0.008004865497076023 	0.07701283137433695 	2.402408505707166 	0.2961824795366858   
0006t1_3_1_1 	1 	107 	45 	0.6640008176476204 	0.7002640650642442 	0.1670384510164398 	45 	 8.70878154939874 	4.894019236023807 	0.4 	0.3823255674241167 	1.4698855600252723 	0.8492063492063492 	0.005732378947368421 	0.06927323953201751 	2.464952499527812 	0.5734084510567568   
0007p1_1_1 	1 	1397 	209 	0.4018960131008851 	0.6625720682764065 	0.15350928069569994 	209 	 27.109815213271204 	18.968164459498446 	0.32057416267942584 	0.36464227527765836 	1.520057119251938 	0.7368143459915611 	0.04680443373493976 	0.15624559501350094 	2.249566464461579 	0.3418068054778641   
0007p1_3_1 	1 	153 	56 	0.6130914234684163 	0.7163675409367555 	0.19366042310972872 	56 	 9.66052485115122 	6.505130548431476 	0.5 	0.45175395145262565 	1.4551639773337408 	0.8406593406593407 	0.007824824742268043 	0.07890198952563765 	3.2688244058513685 	0.42224086127187543   
0008p1_1_1_2 	2 	1173 	118 	1.058629182034136 	0.8589952332318816 	0.05485136657597142 	118 	 21.343026120661996 	18.412659858220795 	0.1864406779661017 	0.32336922081930364 	1.3907653388139167 	0.9702233250620348 	0.019521324137931034 	0.09345575970275366 	2.918612524636753 	0.9592174277922312   
0008p1_2_1_1 	1 	1133 	137 	0.7585751987889042 	0.7878962342874098 	0.12523330860646806 	137 	 21.628763944572643 	18.09989049652192 	0.45985401459854014 	0.4276151391496879 	1.544892278396803 	0.857034795763994 	0.056328 	0.2023441407947341 	2.541816618098015 	0.09864805022279256   
0008p1_2_2_1 	1 	203 	56 	0.8134480978045 	0.7164270367770703 	0.15102501713650432 	56 	 11.168706622602286 	6.610296630541259 	0.42857142857142855 	0.41032590332414487 	1.525858620089195 	0.8864628820960698 	0.010191058823529412 	0.08932429913089365 	2.49711951356458 	0.45610825655796405   
0008p1_3_1_2 	2 	1239 	137 	0.8295451644302315 	0.7641415113004105 	0.08566577858184272 	137 	 22.155350959183824 	19.135344132357385 	0.1678832116788321 	0.27174467837936184 	1.3251496331908075 	0.9004360465116279 	0.04998967487684729 	0.1764230142813935 	1.9839116935377135 	0.23510451161291054   
0008p1_4_1_1 	1 	544 	98 	0.7117977524168462 	0.7268361243557939 	0.1694442667095942 	98 	 16.58388099325027 	11.652255974455734 	0.3877551020408163 	0.36960755665867 	1.3868935093478212 	0.8607594936708861 	0.031150268398268396 	0.16426574403162622 	2.074236175311487 	-0.13706338392268944   
0008p1_4_2_1 	1 	259 	72 	0.6278337170368491 	0.7524369501642555 	0.13533573146261213 	72 	 10.364105059832731 	9.309100474046655 	0.3472222222222222 	0.33071891388307384 	1.4480134230475477 	0.8119122257053292 	0.014014135922330096 	0.10815214771747238 	3.101848882922549 	0.7559477518194856   
0009t1_3_1_2 	2 	17 	18 	0.659346606308969 	0.6840401280179808 	0.18672675501631306 	18 	 3.927322137433653 	2.1056695367127847 	0.4444444444444444 	0.372677996249965 	1.3692560549901607 	0.85 	0.0008311111111111111 	0.02541721672210572 	2.482624629960682 	0.4526966391159976   
0011p1_1_1_2 	2 	314 	68 	0.8533391809923833 	0.7305591462235433 	0.11545063407241195 	68 	 12.957207330376026 	8.757512599069933 	0.25 	0.28363678708802803 	1.3686622708545568 	0.9154518950437318 	0.017204301075268817 	0.12042960061337246 	2.2289311050869767 	0.20290882596724538   
0011p1_1_2_2 	2 	1045 	166 	0.4765516508929212 	0.6287101011887597 	0.23622743177873956 	166 	 30.79059547616747 	12.078650786630964 	0.5843373493975904 	0.4613451083986938 	1.5459070048925403 	0.7566980448950036 	0.05341452427184467 	0.2001783079988148 	2.515309168435347 	0.05543265303515522   
0013p1_2_1 	1 	1081 	142 	0.6736880893732526 	0.6980851857536828 	0.22176973682947243 	142 	 29.229938374304506 	12.86645580294793 	0.6830985915492958 	0.4854559982989883 	1.5227984252705649 	0.8373353989155693 	0.046048 	0.17194362631341983 	2.476555148990569 	0.16783426592453526   
0013p1_4_1 	1 	904 	123 	0.7508757376813201 	0.7234035534642089 	0.09982629732667458 	123 	 19.542103617952012 	16.545513272530258 	0.17073170731707318 	0.27329652543043265 	1.3379530313161203 	0.8734299516908213 	0.023552 	0.1045403524077465 	2.831721517626014 	0.5423993727757354   
0014p1_4_1 	1 	930 	138 	0.6136696424781574 	0.7063445747869274 	0.1991583053737684 	138 	 21.734698079003707 	15.629726791069501 	0.41304347826086957 	0.4265525406597519 	1.3687617454373968 	0.7874682472480948 	0.02458843165467626 	0.10582594667341445 	2.7761114011359123 	0.41360258904148833   
0016p1_2_1_1 	1 	68 	34 	0.7391982714328925 	0.7861186880005144 	0.1364504143119107 	34 	 6.023831484366057 	4.511825067893085 	0.6764705882352942 	0.4556450995538137 	1.3495669807487307 	0.8831168831168831 	0.0034041690140845073 	0.05177234711815368 	2.8945505506309455 	0.42608843243468236   
0016p1_2_1 	1 	501 	90 	0.7772532935548081 	0.6913819394691754 	0.11199888058563287 	90 	 15.62833143563212 	11.507859092097954 	0.14444444444444443 	0.3275422882885261 	1.351138276190656 	0.8758741258741258 	0.017271674796747967 	0.09904574531069588 	2.5091358365371135 	0.44698827294991095   
0016p1_4_1 	1 	575 	94 	0.8177527278470489 	0.754917733917661 	0.10737786696864095 	94 	 16.22395970744522 	12.495638308326816 	0.2553191489361702 	0.35602554320598956 	1.517822802509705 	0.8859784283513097 	0.019636913385826776 	0.10505110685454186 	2.6242112734275533 	0.46610776054279485   
0019t1_3_1_2 	2 	215 	58 	0.8031419982423371 	0.7134398854379742 	0.14785906905120552 	58 	 11.076464507555832 	7.0569961231642 	0.3620689655172414 	0.392028172444899 	1.5180952220265551 	0.899581589958159 	0.009789117117117118 	0.08407341869455924 	2.3097373074274294 	0.2041252940099256   
0019t1_4_1_2 	2 	173 	53 	0.773934537659002 	0.6768159387377582 	0.1371500757655867 	53 	 10.100995272855437 	6.403846368060571 	0.22641509433962265 	0.35799369737755243 	1.3778305128586281 	0.8917525773195877 	0.008143460674157303 	0.07744693305247434 	4.140922859668498 	1.233903965961989   
0020p1_1_1_2 	2 	55 	36 	0.5332950492204896 	0.6239703972617059 	0.1573642508438082 	36 	 6.448546828690729 	3.8127306301979034 	0.2222222222222222 	0.37267799624996495 	1.3721513883867726 	0.7857142857142857 	0.0030188843537414965 	0.050895116391444485 	2.545673193310004 	0.2495126706665075   
0020p1_3_1_2 	2 	838 	144 	0.507842330962239 	0.6812566916262315 	0.17190737988103616 	144 	 22.37025771102272 	13.749621985868943 	0.4236111111111111 	0.3903123748998999 	1.5635220887836796 	0.7659963436928702 	0.03736228571428571 	0.15898257385599704 	2.7876766817434655 	0.6451280197194209   
0021t1_1_1 	1 	154 	56 	0.6170985569551379 	0.7229628062658102 	0.2003313817894336 	56 	 8.64500513340646 	7.245087964122803 	0.5714285714285714 	0.45979975677084756 	1.4511450879207497 	0.7586206896551724 	0.0052038449612403104 	0.055121414996583025 	3.1144899280766207 	0.9468397685953116   
0021t1_2_1 	1 	166 	59 	0.5992581217993745 	0.7895614120971719 	0.1881657137981133 	59 	 8.596102638020067 	7.6190926998315485 	0.4745762711864407 	0.46044331210868217 	1.1730940226088102 	0.7649769585253456 	0.007738820809248555 	0.0750527255651634 	3.654363367797281 	0.4847297001506896   
0022p1_1_2 	2 	183 	52 	0.8504607331463493 	0.725781637447446 	0.13979552886996502 	52 	 10.200811754203116 	6.551028702273292 	0.4230769230769231 	0.4213250442347432 	1.5091711127115892 	0.9104477611940298 	0.008617846153846155 	0.0799758969228566 	2.514310882873681 	0.19984772241287285   
0022p1_3_2 	2 	192 	54 	0.827415349093608 	0.7927354478625468 	0.10658678348066514 	54 	 9.447722505615909 	7.511575864306739 	0.37037037037037035 	0.3884477215445007 	1.4661619273137854 	0.8847926267281107 	0.01045982608695652 	0.0939666230835799 	2.6140559183405707 	0.29172616890986597   
0024p1_2_1 	1 	249 	112 	0.24944405954842425 	0.5934606738645617 	0.20781973910299206 	112 	 13.805485024453723 	8.132354617213855 	0.3392857142857143 	0.39729634752298204 	1.5136452094489328 	0.5711009174311926 	0.011943384615384613 	0.09471088878684521 	2.3307352535081907 	0.12662663631266696   
0024t1_2_1 	1 	87 	37 	0.7985933115041987 	0.7748409519142377 	0.15046950033834466 	37 	 7.097354780369151 	4.773330512955455 	0.5945945945945946 	0.46812183988348033 	1.4763763223372854 	0.9157894736842105 	0.004653521126760564 	0.06242965942973417 	2.290655972273396 	0.312176152910059   
0024t1_4_1 	1 	167 	55 	0.6937467413547048 	0.6562831482016813 	0.16314800075643304 	55 	 10.114611042095081 	6.483139424756709 	0.32727272727272727 	0.385694607919935 	1.4725883218882307 	0.8186274509803921 	0.00883041975308642 	0.08528943827225162 	2.2780207188840382 	0.15490610880766323   
0025p1_2_1 	1 	1044 	194 	0.34858356152064446 	0.6960320174583408 	0.17108619270237488 	194 	 23.40780837510753 	16.824302608287027 	0.4639175257731959 	0.4253123988605416 	1.5590285663202226 	0.6872942725477288 	0.03222442105263158 	0.12762776765122216 	2.864925258466427 	0.2768708227725033   
0025p1_4_1 	1 	582 	113 	0.5727643274772526 	0.741478926383609 	0.17886269539906546 	113 	 17.729720808701465 	12.48296984691147 	0.5309734513274337 	0.4546984983598275 	1.5216183899705564 	0.7385786802030457 	0.01456793984962406 	0.0859830433190654 	2.190606039209648 	0.27035610330738696   
0026t1_1_1 	1 	939 	123 	0.7799472540738491 	0.7531646322773595 	0.10641652913590786 	123 	 21.118863695040726 	15.344602595025783 	0.23577235772357724 	0.3534482133216936 	1.496718124288852 	0.90549662487946 	0.012074666666666666 	0.07374924468257776 	3.577145411053349 	1.2057776305045103   
0026t1_2_1 	1 	867 	150 	0.4842241476733068 	0.6916748454005427 	0.19483286662467725 	150 	 25.382716002055606 	12.177403596741595 	0.6066666666666667 	0.46899419565230827 	1.5347650112828002 	0.8057620817843866 	0.024663560439560438 	0.10945581238755722 	2.7913774075138593 	0.7432544820633544   
0027t1_1_1_1 	1 	365 	89 	0.5790588655777172 	0.6403415474485611 	0.16888505631397943 	89 	 15.479180755069178 	8.939225149236268 	0.3258426966292135 	0.3415434641251834 	1.497197114011694 	0.7986870897155361 	0.01677031884057971 	0.10970109591545894 	2.7908314251912794 	0.04573802310332324   
0027t1_1_2_2 	2 	171 	58 	0.6387780544159983 	0.7151003965070069 	0.1141691987332582 	58 	 8.820318174401562 	7.624089753432096 	0.2413793103448276 	0.36206896551724144 	1.4723311605685094 	0.8221153846153846 	0.009218021052631581 	0.08786121043099483 	2.1556096851789763 	0.2771866661789586   
0027t1_4_1_1 	1 	488 	101 	0.6011556572696085 	0.6850974666826392 	0.1685816584383895 	101 	 18.10703290193475 	9.795683620971625 	0.40594059405940597 	0.4193627442484628 	1.4731225499907306 	0.842832469775475 	0.017662973262032085 	0.0997591995583388 	5.292243692550601 	1.166168127966792   
0027t1_4_2_2 	2 	135 	43 	0.9175013698964242 	0.7272699317924881 	0.12541773838356113 	43 	 7.6238715802820005 	6.657230407109833 	0.23255813953488372 	0.3465038238546823 	1.3507771150950802 	0.9712230215827338 	0.007690138613861386 	0.08252509095916377 	7.258644153603456 	-1.1210719406142609   
0028p1_1_1 	1 	191 	53 	0.8544595184558925 	0.7440096651132007 	0.12522135380562047 	53 	 8.480224330843978 	8.313621556698015 	0.32075471698113206 	0.3754669573987245 	1.479788479152873 	0.9138755980861244 	0.0035589189189189187 	0.039718111719202864 	3.1618849005766796 	0.9133585559263099   
0028p1_3_1 	1 	196 	55 	0.8142177323683959 	0.8004657239458971 	0.0839180279036646 	55 	 9.067551648425336 	7.93762149180494 	0.21818181818181817 	0.33327823236042475 	1.4012254766250531 	0.9751243781094527 	0.0073161290322580645 	0.06658331577539676 	3.114309357396332 	0.41800740575134   
0029p1_2_2 	2 	587 	95 	0.8173362382968238 	0.6884212023675125 	0.10575027240778381 	95 	 16.56245140439752 	12.576728209632583 	0.10526315789473684 	0.29285111038407485 	1.299152377811524 	0.8645066273932254 	0.021463824817518247 	0.11141250457806806 	2.7993103899422125 	0.46669680615662973   
0029p1_3_1 	1 	1180 	207 	0.3460598222815894 	0.6521913451151858 	0.18507442758400633 	207 	 27.56812055819808 	16.786677360535613 	0.357487922705314 	0.36606756348739383 	1.417221785126215 	0.681686886192952 	0.0308876345177665 	0.11913835980650488 	3.351595157124302 	1.1111172897278154   
0029p1_4_2 	2 	475 	81 	0.9097738213413515 	0.7785708677334471 	0.0961220397462464 	81 	 14.160530646496742 	11.748300945947147 	0.2345679012345679 	0.3142696805273545 	1.4910796444805048 	0.9313725490196079 	0.02128961963190184 	0.12128639543956456 	2.8486114199703314 	0.6732050524359553   
0030t1_1_1 	1 	53 	34 	0.5761398292050486 	0.60868525035948 	0.23970808482135825 	34 	 8.91910023520171 	2.6199905118547258 	0.5294117647058824 	0.44117647058823534 	1.4596500077788288 	0.8548387096774194 	0.002694766519823788 	0.046435182065122815 	2.6367827895556 	0.16525128541337586   
0030t1_4_1 	1 	138 	44 	0.8957433599078336 	0.7686576089520714 	0.14496311783366028 	44 	 7.730402979421909 	6.643194056270554 	0.5227272727272727 	0.40336907612042827 	1.4774487759546637 	0.9139072847682119 	0.007742909090909091 	0.08213456407023942 	2.7337066101900067 	0.366445493139679   
0031p1_1_2 	2 	842 	119 	0.747184807378746 	0.7112911878138758 	0.14355685086295913 	119 	 20.54887508964818 	14.233919869198541 	0.33613445378151263 	0.36629402886896406 	1.4989324241985997 	0.864476386036961 	0.03482224390243903 	0.14747668183997575 	3.275134606420613 	0.6155791612162552   
0031t1_3_1 	1 	583 	101 	0.7181839102216839 	0.7678365996791974 	0.09980494600595882 	101 	 15.23795594212068 	13.326966546363623 	0.21782178217821782 	0.3115273806445995 	1.4075050837347745 	0.892802450229709 	0.019547223880597014 	0.1041247048311911 	2.9298089455787486 	0.2536766850480052   
0031t1_4_1 	1 	609 	102 	0.7355747504944959 	0.7059320631779963 	0.10977010626289326 	102 	 15.349713575955633 	14.487732802721519 	0.18627450980392157 	0.3101821964618897 	1.4294686265427594 	0.8955882352941177 	0.0226784 	0.11583582805992665 	2.3863893095187163 	0.3000836516877673   
0032p1_2_1 	1 	115 	44 	0.7464527999231947 	0.738682895604937 	0.13995792743512497 	44 	 8.258894395589351 	5.563851722142462 	0.5 	0.44536177141512323 	1.4732172657313782 	0.8156028368794326 	0.006331675675675677 	0.07368424446024492 	2.8925602216579724 	0.2506638873384262   
0032p1_4_1 	1 	75 	34 	0.8152922111392197 	0.7627635048168423 	0.13529581623787468 	34 	 6.601159867307051 	4.455762460573019 	0.35294117647058826 	0.3541645464350675 	1.3568178511188573 	0.9375 	0.003712 	0.05381683606233435 	2.585800392479554 	0.5469349289763289   
0032t1_1_1 	1 	175 	51 	0.8454882189591907 	0.7903061406317821 	0.13769681992182156 	51 	 9.554637120912515 	6.7658747595772075 	0.5882352941176471 	0.4714045207910317 	1.4966713575323691 	0.9510869565217391 	0.0083264 	0.07900283970066223 	2.679051877557103 	0.3267080495941139   
0032t1_3_1 	1 	71 	43 	0.48253775750108235 	0.6136275096563703 	0.22354620842210232 	43 	 8.600867001522257 	3.5751115996178426 	0.46511627906976744 	0.4363177450998538 	1.555380652483547 	0.7553191489361702 	0.0035782857142857144 	0.053193950610487824 	5.316178554319165 	-0.20428835359798708   
0033p1_1_1 	1 	183 	49 	0.9577866815609032 	0.8598775513159745 	0.06338826462787854 	49 	 8.509956798859985 	7.737128076063001 	0.2857142857142857 	0.3499271061118826 	1.3906463225810572 	0.9581151832460733 	0.0019643076923076927 	0.02943836331956842 	5.633637152447018 	1.6792721463792117   
0033p1_2_1 	1 	122 	41 	0.912014999971338 	0.8355384347030729 	0.11042858994517009 	41 	 7.2816407289222855 	6.283124695516276 	0.3170731707317073 	0.3762743565985735 	1.3412870762772702 	0.9172932330827067 	0.003497846153846154 	0.042732157231213305 	2.9507249753543197 	0.4870237874857671   
0033t1_2_1 	1 	42 	26 	0.7807508369868126 	0.8435912859791027 	0.10691428948951028 	26 	 4.39705093148587 	4.003017136813902 	0.34615384615384615 	0.3941134909984461 	nan 	0.9545454545454546 	0.0022804971751412433 	0.044081752205744736 	2.341696804097007 	0.22762447870850422   
0034p1_2_2 	2 	121 	38 	1.0529991996796815 	0.8805259588756098 	0.07434399976825125 	38 	 7.02870020679665 	6.421251264949797 	0.5 	0.44034738238635557 	1.38167211222866 	0.952755905511811 	0.007024961748633879 	0.07958001130516637 	2.5153749031000863 	0.2844398396788767   
0034p1_4_2 	2 	121 	43 	0.8223530796849432 	0.7871916802686516 	0.12086228169975574 	43 	 7.645193394410806 	5.991357383659124 	0.4418604651162791 	0.44854189586013743 	1.4741562650294984 	0.8897058823529411 	0.0069292873563218385 	0.07854748077782805 	2.342976910372564 	0.20428563797047822   
0036p1_1_1 	1 	1367 	132 	0.9858946642463836 	0.8786588363905321 	0.06548708867903934 	132 	 22.550289298719317 	20.393906993624437 	0.30303030303030304 	0.37267799624996495 	1.3604568874483827 	0.9331058020477816 	0.039800630303030306 	0.14403799838583103 	1.8754148819603107 	0.2443478380540717   
0036p1_3_1 	1 	1041 	117 	0.9556280085870333 	0.8080887950303004 	0.056109097924096324 	117 	 20.190823626668482 	17.438079231911424 	0.09401709401709402 	0.2371698619745574 	1.2686522546003394 	0.9386834986474302 	0.042232774193548386 	0.16150158965969325 	2.4873777986112557 	0.3151224765052101   
0037p1_2_2 	2 	170 	51 	0.8213314127032139 	0.6998440255134125 	0.16588965614367188 	51 	 10.722935480026464 	5.87057424866438 	0.5686274509803921 	0.435806093546919 	1.523694271984445 	0.8947368421052632 	0.009075528205128205 	0.08666425103688817 	3.9434069361247124 	0.9953808803652892   
0041t1_1_1 	1 	525 	92 	0.7794594249218532 	0.6757622983990995 	0.1428418709436647 	92 	 16.49966541037806 	11.694405151827779 	0.22826086956521738 	0.2817713347133852 	1.4107111922118896 	0.8853288364249579 	0.020903874345549738 	0.11430051203331788 	2.896113987280298 	0.6745349665497183   
0042p1_1_1 	1 	43 	27 	0.7412262502296906 	0.7875230459582141 	0.10950506897250718 	27 	 4.364488642640593 	4.1871933688376926 	0.4074074074074074 	0.41573970964154905 	1.3760039186201987 	0.8775510204081632 	0.0027068599033816428 	0.051531582232301636 	2.8610864355622208 	-0.7373110458140417   
0042p1_3_1 	1 	19 	23 	0.45134412414522546 	0.7240370682152518 	0.2379913634308064 	23 	 4.157854826851265 	2.5133126984889214 	0.5652173913043478 	0.4601306627938419 	1.2143996680307856 	0.7307692307692307 	0.001202086956521739 	0.03445289874488801 	2.0032727728069477 	-0.4279158832122799   
0042p1_4_2 	2 	118 	52 	0.5483845164550231 	0.7195709689944262 	0.18786842112858082 	52 	 9.388843734696733 	5.0469740164961285 	0.5576923076923077 	0.4435600997950306 	1.5142079985055839 	0.7763157894736842 	0.007101604278074867 	0.08143371413851185 	2.841839287308364 	0.1987559092002836   
0043p1_2_2 	2 	255 	65 	0.7584436702157608 	0.6909478951287268 	0.16641461531754673 	65 	 11.867111674006464 	7.863508783923766 	0.36923076923076925 	0.37495561867550586 	1.4361645830150802 	0.8673469387755102 	0.014806679611650489 	0.11503390287910434 	2.9864303733763187 	0.5265610940175902   
0044t1_2_1 	1 	108 	44 	0.7010165425365654 	0.6826197143055892 	0.15354406594463454 	44 	 7.397631965552613 	6.040545679745626 	0.3181818181818182 	0.3431742925123068 	1.3321606314056793 	0.8307692307692308 	0.006103752577319588 	0.07328099901512461 	2.260193563976342 	0.3482383063897522   
0045t1_1_1 	1 	2071 	184 	0.7686954614348371 	0.7076702756300206 	0.1318908587497448 	184 	 32.284174868108856 	22.003325719248185 	0.2826086956521739 	0.32445242514346306 	1.4856592064380383 	0.9155614500442086 	0.03854222222222222 	0.12941247355031327 	2.444291965436066 	0.6921547364366457   
0045t1_2_1 	1 	1696 	165 	0.7828306542498864 	0.6959339434635325 	0.14519418631853728 	165 	 30.84930463806323 	18.544042975685112 	0.4121212121212121 	0.4 	1.555251630637632 	0.9237472766884531 	0.02143926857142857 	0.08865702048619446 	3.6818970287231427 	1.1146305399618643   
0046t1_3_1 	1 	193 	58 	0.7209600263291678 	0.6917576109572697 	0.1348216473875051 	58 	 9.00708007212495 	8.215977436162056 	0.3275862068965517 	0.36206896551724144 	1.504144201809807 	0.8693693693693694 	0.009950623655913978 	0.08940921965759382 	2.5247104442061206 	0.2279275076606958   
0046t1_4_1 	1 	184 	60 	0.6422811647339133 	0.7206372464653458 	0.16017942815144168 	60 	 9.817905936963141 	7.121044751392656 	0.43333333333333335 	0.42295258468165065 	1.525994493026298 	0.8251121076233184 	0.010079522388059703 	0.09252490539394816 	2.6505379003373943 	0.10306380385652479   
0048t1_3_1 	1 	171 	49 	0.8949809975241226 	0.7986694073358657 	0.11642915963944983 	49 	 8.88277778112204 	7.0763999149748 	0.32653061224489793 	0.3696075566586701 	1.3533151003358512 	0.9553072625698324 	0.00928 	0.08843903806602259 	3.184197903838997 	-0.13582104806384374   
0050t1_1_1 	1 	105 	48 	0.5726861608106394 	0.7054338584670283 	0.17337574732266708 	48 	 7.568335769542744 	5.587772648173251 	0.5 	0.4330127018922193 	1.527940931203526 	0.7553956834532374 	0.005605369127516778 	0.06847270530335309 	2.4387414940368433 	0.03283091642823187   
0050t1_2_1 	1 	216 	63 	0.6838841150671658 	0.7166901497391315 	0.15273421964042644 	63 	 10.16286595140876 	8.270451456502345 	0.4444444444444444 	0.4046840883803797 	1.5003707846780008 	0.8089887640449438 	0.011399655502392343 	0.09654520844941394 	2.763019120443433 	0.1524677004218049   
0051p1_1_1 	1 	877 	183 	0.3290843867775387 	0.6205931860126055 	0.20597854814999786 	183 	 22.15721799760665 	15.861808125566624 	0.43169398907103823 	0.41328241314074393 	1.566109546304197 	0.6128581411600279 	0.041268686868686864 	0.17078007901457856 	2.240428982957422 	0.17674981319381824   
0051p1_2_1 	1 	233 	85 	0.40525458175026813 	0.5802472905714418 	0.21628976997689756 	85 	 11.090351568601875 	8.670616448112385 	0.4 	0.4085589495102432 	1.4518003733327818 	0.660056657223796 	0.010752372093023255 	0.08934764665168086 	1.8562080614854393 	-0.11476848620663278   
0059p1_1_2 	2 	1173 	138 	0.7740155813192244 	0.7742770186402027 	0.07257975542672905 	138 	 21.902258806544854 	18.61694330411361 	0.11594202898550725 	0.3019227051594153 	1.3044188041888416 	0.9287410926365796 	0.006870857142857143 	0.047568849965641674 	10.152900887288437 	2.495880492547819   
0059p1_3_2 	2 	1010 	124 	0.8254444797413348 	0.817920856890561 	0.13180240811493363 	124 	 19.928201679944806 	17.8843463905468 	0.3629032258064516 	0.39507899077148034 	1.2713028000975628 	0.8714408973252804 	0.014615925233644857 	0.07345711414169752 	4.321344120596345 	1.1962994516364425   
0059t1_1_1_1 	1 	163 	45 	1.0115152642669358 	0.8509170204347997 	0.08101561928063647 	45 	 7.787430483546708 	7.595330378450778 	0.3111111111111111 	0.4 	1.4774920637959985 	0.9157303370786517 	0.008401534246575342 	0.08222988202572772 	2.5765129403861864 	0.3883108739339688   
0060u1_3_1_2 	2 	233 	82 	0.4354497848223806 	0.6641039247695937 	0.21321845689254337 	82 	 12.029224108721065 	7.649323442327168 	0.45121951219512196 	0.4294345576014392 	1.4649452102198899 	0.7169230769230769 	0.011822975369458127 	0.09652769138869718 	2.4856457973044477 	0.43758536657480473   
0061p1_4_2 	2 	454 	77 	0.9622419057040081 	0.7827051948137129 	0.11396640539398363 	77 	 15.08500443731702 	10.407427242798759 	0.35064935064935066 	0.33616049624791644 	1.5221206076445757 	0.9478079331941545 	0.026101982608695652 	0.15100355834363563 	2.6605279848442165 	0.12409958559975084   
0061u1_1_1_2 	2 	249 	61 	0.8409100464862762 	0.7019780855203924 	0.15749045054840052 	61 	 12.390717295404682 	7.286853129349093 	0.5245901639344263 	0.42051656847149693 	1.560751908760046 	0.9188191881918819 	0.012456328767123286 	0.09829391673790394 	3.3102288741725197 	0.7381856067261267   
0061u1_1_2_2 	2 	121 	51 	0.5845947113946405 	0.7398662676779968 	0.15449631407735576 	51 	 8.029178876466487 	5.991376555850382 	0.35294117647058826 	0.3636713135488512 	1.419463863615472 	0.7857142857142857 	0.006279281437125748 	0.07124554877898158 	3.5123634751084887 	0.46670494164585613   
0061u1_2_1_2 	2 	187 	52 	0.8690500387888925 	0.7521237340511805 	0.158363883023055 	52 	 9.983382613179264 	6.887138414141424 	0.4807692307692308 	0.46908888144809496 	1.39534690816527 	0.9396984924623115 	0.008272 	0.07655995201966145 	2.0675786644742202 	0.1144450982223683   
0061u1_2_2_2 	2 	185 	51 	0.8938018314711444 	0.7473987970093555 	0.14108452130030644 	51 	 10.03891804693504 	6.7331869881057935 	0.4117647058823529 	0.42418250299576354 	1.4784373613683381 	0.925 	0.008359669421487604 	0.07775616805956044 	2.0439778531329624 	0.10215462208725776   
0062u1_1_1_2 	2 	183 	60 	0.6387905062299246 	0.6732769235471634 	0.1537175283687917 	60 	 9.164569841132293 	8.03596453294558 	0.2833333333333333 	0.37267799624996495 	1.4429409878090063 	0.7887931034482759 	0.00897779512195122 	0.08304151139840396 	2.443920555671067 	0.29995204667206227   
0069p1_2_2 	2 	173 	50 	0.8695928465136546 	0.7590195590540192 	0.11822776555726475 	50 	 9.311865952646375 	6.820301745415878 	0.34 	0.4000000000000001 	1.4737630407789435 	0.9301075268817204 	0.009462755555555556 	0.0896268090432272 	2.926723180245781 	0.19195900816365424   
0069p1_4_2 	2 	338 	67 	0.9461869609386055 	0.7730651178931146 	0.08140191324387261 	67 	 11.52971113786439 	10.41889682924274 	0.16417910447761194 	0.2855392010404327 	1.2591574257181495 	0.9548022598870056 	0.018049939393939392 	0.12160442204021665 	2.6663498766942197 	0.1534443435023463   
0072u1_1_1_2 	2 	28 	21 	0.7978648009116935 	0.7897443911518313 	0.11999597801368742 	21 	 3.6835231744181653 	3.2996301703201567 	0.42857142857142855 	0.4259177099999599 	1.3289619869670104 	0.9333333333333333 	0.001739921568627451 	0.041069805460120026 	2.069948539649726 	0.6901016960653998   
0072u1_2_1_2 	2 	116 	45 	0.719851353711439 	0.7843651111470157 	0.11532519648306871 	45 	 7.104582133649299 	6.4517981937991395 	0.35555555555555557 	0.41573970964154905 	1.4216481258324407 	0.90625 	0.007190058252427184 	0.08315540452404489 	3.49470909102244 	-0.9879307726164919   
0075p1_1_2 	2 	446 	93 	0.6480056993876969 	0.6593971068936446 	0.17398451123769224 	93 	 15.632634861739808 	10.378679120213818 	0.3333333333333333 	0.3575976160928149 	1.4026724173368588 	0.825925925925926 	0.027229495652173915 	0.15887396203961585 	2.9268848116602424 	0.4698299862646066   
0075p1_2_2 	2 	244 	62 	0.7976572398292503 	0.7466485583749068 	0.12445869382509273 	62 	 10.941335857914858 	8.299455562419652 	0.3064516129032258 	0.3677985242255284 	1.4323011813021083 	0.8776978417266187 	0.014450567901234569 	0.11476592407339259 	3.2921592776744286 	0.8260225948737209   
0076p1_1_2 	2 	248 	78 	0.5122386443723003 	0.7195900713042005 	0.17877261577506234 	78 	 11.763177440672624 	7.972107885549945 	0.5 	0.43665093245965136 	1.4861670130130527 	0.7492447129909365 	0.014531605633802817 	0.11451960567472175 	2.5532250489390917 	0.06439523587472908   
0076p1_3_2 	2 	203 	65 	0.6037806472698016 	0.7086887197020422 	0.13304699868318756 	65 	 9.563501965148996 	8.23122102813434 	0.26153846153846155 	0.32852548467788645 	1.4247123320577757 	0.796078431372549 	0.011879658119658121 	0.1035849066575461 	3.6246633313757766 	0.6796481665328538   
0076u1_1_2 	2 	351 	77 	0.7439359226918654 	0.8477195379390395 	0.08842255615850769 	77 	 11.832728223812252 	10.649115983581252 	0.35064935064935066 	0.37460272991833654 	1.3230910428415992 	0.8540145985401459 	0.01749142857142857 	0.11593610932666745 	2.710148797246541 	0.4323736530242869   
0076u1_2_2 	2 	224 	61 	0.7564813269595417 	0.7123494774168201 	0.11486806921775718 	61 	 10.772335028943283 	7.697572831801099 	0.22950819672131148 	0.3375616439667869 	1.4557694768274636 	0.8995983935742972 	0.01190916129032258 	0.09895575049395068 	3.0722901160184053 	0.5306025529674241   
0077p1_3_2 	2 	41 	31 	0.5361302759508075 	0.6350315018951893 	0.2156895144562853 	31 	 6.520923564944437 	2.9887101234091573 	0.5483870967741935 	0.4375696763306625 	1.5101714966215016 	0.82 	0.002293573033707865 	0.04481673571872183 	2.5508102145313933 	-0.08154076045883374   
0080p1_1_2 	2 	267 	60 	0.9320058205649719 	0.8045229025102711 	0.10915657948231448 	60 	 10.190749750940283 	9.372306734148479 	0.5166666666666667 	0.4330127018922193 	1.555880449938182 	0.9335664335664335 	0.014211490909090909 	0.10810719143180136 	2.114618474359401 	0.2556797536727747   
0080u1_2_2 	2 	146 	63 	0.46225500370280653 	0.6476868274910752 	0.24619873743070522 	63 	 10.1014482837217 	6.478393850889508 	0.5238095238095238 	0.45175395145262554 	1.4226938763320702 	0.6822429906542056 	0.007049846153846154 	0.07322456357416696 	3.112470078883847 	-0.30002631011825454   
0084u1_1_2 	2 	196 	58 	0.7321666588627816 	0.7695595086849278 	0.13263666989200057 	58 	 9.961885623538501 	7.454821309890912 	0.4827586206896552 	0.4050806939472666 	1.492367043110316 	0.9116279069767442 	0.010927042735042735 	0.09716935570273084 	5.63176063793273 	-0.7415756242263164   
0084u1_2_2 	2 	185 	55 	0.7685218392252716 	0.7325178186645025 	0.15484536124288473 	55 	 9.733867644374582 	7.158225248950545 	0.36363636363636365 	0.3699452718068329 	1.4961282194812306 	0.8409090909090909 	0.009694244725738398 	0.0889258067836364 	7.846689235002745 	-1.6017797029190706   
0084u1_3_2 	2 	327 	75 	0.7305250117147466 	0.7208445544250425 	0.14064945782569985 	75 	 12.923852892699758 	9.278883535786575 	0.37333333333333335 	0.38964371189873215 	1.4627477765715886 	0.8910081743869209 	0.018876093896713613 	0.12922164585222404 	2.3750363345016186 	0.49589031201897993   
0088b1_3_1_1 	1 	799 	156 	0.41257931134422166 	0.6668681906662578 	0.17139423280033467 	156 	 20.482274580231337 	15.349682273989028 	0.358974358974359 	0.3837597319768145 	1.5022911113820672 	0.6686192468619246 	0.023785035294117646 	0.11135352219730706 	2.4450944121387823 	0.25589743080265637   
0089u1_1_2 	2 	25 	20 	0.7853981633974483 	0.8132487721244109 	0.14484258978148812 	20 	 3.544982757219844 	3.135078473172118 	0.45 	0.4330127018922193 	1.237597168232557 	0.8928571428571429 	0.0012132 	0.031603649247515714 	2.922872358466363 	-1.0463293190424738   
0089u1_2_2 	2 	26 	22 	0.6750529668870631 	0.7777428553026655 	0.1641165221537402 	22 	 3.619834221405606 	3.2118781997439836 	0.5454545454545454 	0.4810456929208346 	1.3595248171505183 	0.9285714285714286 	0.0013046666666666666 	0.03283173533167093 	3.802454854987818 	-1.381713693271309   
0095u1_1_2 	2 	136 	47 	0.7736651894761646 	0.643118550721869 	0.16416217005709138 	47 	 9.384297284471879 	5.595382684354182 	0.3191489361702128 	0.3560255432059896 	1.4270666210253293 	0.8831168831168831 	0.006899504761904762 	0.07418338684589074 	2.252721388596022 	-0.2037311757627203   
0097u1_4_2 	2 	24 	22 	0.6231258155880581 	0.7395982372146179 	0.1455206710087885 	22 	 3.768418159014742 	2.943573369558585 	0.36363636363636365 	0.41907020260422206 	1.4470237406767856 	0.8571428571428571 	0.0014306042553191489 	0.03649410897451833 	2.552707741965937 	0.7880612209304673   
0100u1_3_2 	2 	1036 	145 	0.6192038029239525 	0.7384701474592187 	0.12736374291442745 	145 	 20.1264315027759 	17.835391397489385 	0.30344827586206896 	0.3716467195946891 	1.4409176822459857 	0.8409090909090909 	0.05039290640394088 	0.1910203239494962 	2.2139411906534123 	0.046015991010741684   
0100u1_4_2 	2 	759 	104 	0.8818301864181409 	0.7292838863275167 	0.0999786811121523 	104 	 17.399217642096904 	15.392900997711932 	0.16346153846153846 	0.2948021099376133 	1.412918383250768 	0.8805104408352669 	0.0234785988700565 	0.11103538636928147 	2.3565467259535375 	0.3065148030017683   
0104u1_2_2 	2 	43 	31 	0.5622829723386519 	0.6849354566940431 	0.13401564967148732 	31 	 5.117709104140993 	3.7388610752050164 	0.2903225806451613 	0.29565004483586066 	1.4060871289775538 	0.8775510204081632 	0.0026155789473684206 	0.04980513572468221 	1.9325483332432787 	0.4575991436667282   
0104u1_3_1_2 	2 	68 	37 	0.6241878756584542 	0.6949971154288508 	0.16482147837186442 	37 	 6.688325242968983 	4.199853994398802 	0.3783783783783784 	0.4116634111277789 	1.3761800772395478 	0.8607594936708861 	0.0036649195402298847 	0.055543274580776236 	3.193383178972267 	0.6055578405411209   
0104u1_3_2_2 	2 	27 	22 	0.7010165425365654 	0.7155586137769138 	0.16725988834643396 	22 	 4.203955834903819 	2.878612451385308 	0.4090909090909091 	0.4190702026042222 	1.2675352214225075 	0.9310344827586207 	0.0015545060240963852 	0.03743761212315905 	1.9433452051180566 	0.341309082184486   
0104u1_4_1_2 	2 	97 	40 	0.7618362184955249 	0.7376800358263116 	0.1687106987669332 	40 	 6.444639991454644 	6.013012591126105 	0.625 	0.4330127018922193 	1.4026263995902162 	0.8660714285714286 	0.0056098324022346375 	0.07112156172624498 	1.717967758244253 	-0.15717041410899651   
0104u1_4_2_2 	2 	507 	111 	0.51709681856019 	0.6750094234019474 	0.1956973443975633 	111 	 19.121177807566415 	10.097017093336477 	0.43243243243243246 	0.40530529294421597 	1.4846169782315906 	0.7658610271903323 	0.025793871345029237 	0.1414969951529257 	2.5074282189245425 	-0.05878896986972432   
0109u1_1_1_2 	2 	258 	61 	0.8713043855159007 	0.8263557629352798 	0.10566508800740755 	61 	 10.505835222817094 	8.851328317493726 	0.4918032786885246 	0.43988222508192587 	1.4547305995601119 	0.9020979020979021 	0.011621189189189187 	0.09098080035597712 	2.308306730906503 	0.19228396051936925   
0109u1_1_2_2 	2 	157 	56 	0.6291199574153029 	0.6984870600593177 	0.14694845663603656 	56 	 8.304165180776396 	7.4473173823140435 	0.3392857142857143 	0.397296347522982 	1.537548756187858 	0.8351063829787234 	0.008531862068965517 	0.08497343493705227 	2.6699881084695174 	0.08724805276043449   
0109u1_2_1_2 	2 	430 	93 	0.6247588581540576 	0.7254547636568791 	0.14166224022251708 	93 	 15.073523744900534 	10.323198713594563 	0.3870967741935484 	0.4108596381622107 	1.4588896966338192 	0.8565737051792829 	0.021516 	0.1287559264791494 	2.558356545196709 	0.10534255585870538   
0109u1_2_2_2 	2 	252 	74 	0.5782917083306267 	0.6963227957765619 	0.1532869426946439 	74 	 11.945965644839461 	8.12932245106122 	0.3108108108108108 	0.3557417994888698 	1.430522465553853 	0.7949526813880127 	0.01301548936170213 	0.10215732028065536 	2.3831744386260767 	0.16687010104555777   
0109u1_2_3_2 	2 	45 	27 	0.7757018897752576 	0.7061358330231255 	0.1760733226538484 	27 	 4.976009515554147 	3.8461584609192427 	0.4444444444444444 	0.41573970964154905 	1.4496675129414518 	0.8490566037735849 	0.002341127071823205 	0.04377804926933859 	2.4000655249377627 	0.7836221011814823   
0109u1_3_2 	2 	47 	26 	0.8736973651995283 	0.814091594835921 	0.09133678543722393 	26 	 4.636452883857639 	4.0950305857410765 	0.38461538461538464 	0.4435600997950307 	nan 	0.9791666666666666 	0.002107586206896552 	0.03927221904330104 	2.188268835746508 	-0.2240916524458385   
0109u1_4_2 	2 	30 	26 	0.5576791692762946 	0.819123397171357 	0.16466263475172077 	26 	 3.945069118049062 	3.5263045422752737 	0.8076923076923077 	0.4985185152621431 	nan 	0.7692307692307693 	0.001604507042253521 	0.03685165507772838 	1.930882804726511 	-0.38149197677164526   
0114u1_3_1_1 	1 	1050 	167 	0.4731144589292241 	0.7480053725459552 	0.1408839341605079 	167 	 23.868296731386348 	15.683289274839446 	0.4491017964071856 	0.40700947228662104 	1.5465446345371294 	0.7972665148063781 	0.04157455421686747 	0.16016270592278542 	2.3490242340759195 	0.008903231347075446   
0121u1_1_2 	2 	70 	33 	0.8077556868734087 	0.7411555066133053 	0.14560678394084253 	33 	 6.184705484154873 	4.517746820316341 	0.48484848484848486 	0.42854956435548336 	1.3311922767957607 	0.9210526315789473 	0.003957581395348837 	0.059161913703021686 	1.8269831936032848 	0.035303237133010326   
0121u1_2_2 	2 	68 	31 	0.8891916771867053 	0.774518272125713 	0.12024293620052807 	31 	 6.1710705909501735 	4.305013054187883 	0.4838709677419355 	0.45391120256355766 	1.5001458825294478 	0.9577464788732394 	0.004020815533980583 	0.06084109986877264 	2.9064922195982468 	0.635292440427799   
0130u1_1_2 	2 	98 	48 	0.5345070834232634 	0.6898466249114512 	0.18613259242660335 	48 	 8.299742745514761 	4.853102142672483 	0.5208333333333334 	0.45452967144315476 	1.5069767883863536 	0.7424242424242424 	0.005870912621359224 	0.07394173550852476 	1.9868288003429544 	0.5804618282558834   
0130u1_2_2 	2 	59 	29 	0.8815884259776352 	0.7728366415439708 	0.12162438490811449 	29 	 5.497697920293439 	4.252579783103492 	0.4482758620689655 	0.4050806939472666 	1.4780738455384128 	0.921875 	0.0035144347826086956 	0.05709464005638978 	5.587891306956708 	1.160860934759698   
0134u1_1_2 	2 	153 	60 	0.5340707511102648 	0.6144269795640306 	0.2506987378392496 	60 	 10.700222960977245 	6.000346844277924 	0.55 	0.458257569495584 	1.5021294384664408 	0.7927461139896373 	0.009093991489361703 	0.09149159174721588 	2.6444420405642877 	0.3525233173281722   
0134u1_2_2 	2 	84 	46 	0.49885403194998607 	0.6204460390667992 	0.1676012853983806 	46 	 7.605460155445436 	5.308536067612224 	0.2826086956521739 	0.35918938351865887 	1.443729052623159 	0.711864406779661 	0.005080497607655503 	0.06912414504197355 	2.620299298821723 	0.36557725406209557   
0141u1_1_2_2 	2 	274 	71 	0.6830362127225577 	0.7761348274543504 	0.10505444456689592 	71 	 10.466113506509876 	9.900979436154914 	0.3380281690140845 	0.3747643576239458 	1.55861457986557 	0.8430769230769231 	0.013681263157894736 	0.10306550799700857 	2.6835114432920197 	-0.15992901451106076   
0149u1_3_2_2 	2 	91 	39 	0.7518341393206343 	0.7055723693792137 	0.12100266130385101 	39 	 6.580431578360138 	5.510727056994651 	0.15384615384615385 	0.26646935501059643 	1.2947589016820589 	0.8348623853211009 	0.004871036649214661 	0.0638493091832393 	2.3768126721921674 	0.5362287318508017   
0154u1_1_2 	2 	131 	49 	0.6856287174015209 	0.6581147078840751 	0.15601878140806924 	49 	 9.486664262457476 	5.403166991965056 	0.32653061224489793 	0.36960755665867007 	1.4353615238461432 	0.8343949044585988 	0.006271529411764705 	0.0687558246301175 	2.9963995611069176 	0.750320207697639   
0154u1_2_2 	2 	17 	16 	0.8344855486097889 	0.715453975612562 	0.17956407168195732 	16 	 3.3446428604111467 	2.3718869463050747 	0.75 	0.46351240544347894 	nan 	1.0 	0.0010064657534246575 	0.03051776354598187 	2.262972328180496 	0.6432491045822627   
0154u1_3_2 	2 	76 	37 	0.6976217433829781 	0.678574487594946 	0.1701322780410047 	37 	 6.959626035555099 	4.54799058072524 	0.40540540540540543 	0.34186785515333834 	1.280209984130741 	0.8539325842696629 	0.0044591542857142855 	0.06383708518641033 	2.1921262448694416 	-0.0619534158102214   
0154u1_4_2 	2 	40 	25 	0.8042477193189871 	0.7641617548873931 	0.10266241273274952 	25 	 4.42311314389417 	3.8293293443998127 	0.24 	0.32496153618543844 	1.1853048563196398 	0.8888888888888888 	0.0021184496124031006 	0.042004923037394566 	2.1103087705342993 	0.5295016110523658   
0156u1_2_2 	2 	35 	25 	0.7037167544041136 	0.7792775951538927 	0.12298955114628948 	25 	 4.276142886158697 	3.5308749478090746 	0.56 	0.44899888641287294 	nan 	0.8974358974358975 	0.0018825 	0.039922570840315384 	2.0104379473275995 	0.28561600663296494   
0169u1_3_2 	2 	56 	31 	0.7322754988596396 	0.6824024611507788 	0.18772278792261385 	31 	 5.741353423783631 	4.113091167556603 	0.5161290322580645 	0.43756967633066246 	1.4920046264129119 	0.8 	0.00325984 	0.0543934319856212 	2.6553992204827037 	0.5857482344142714   
0174u1_3_2 	2 	238 	66 	0.6865923338423974 	0.7831922591119577 	0.17494163800266369 	66 	 10.970606816144258 	7.946298394876996 	0.5757575757575758 	0.47140452079103173 	1.3802065243807102 	0.8321678321678322 	0.013509145728643215 	0.10873118287306792 	2.79929106791746 	0.42542823239367067   
0174u1_4_2 	2 	214 	68 	0.5815751106126433 	0.7223319330122507 	0.17723119662936448 	68 	 11.383812911916824 	7.210384505561837 	0.5441176470588235 	0.4487101853644811 	1.5327311059443647 	0.8136882129277566 	0.012357013824884792 	0.10492709738549931 	3.144646954457899 	0.715105518872964   
0197u1_1_2 	2 	137 	62 	0.44786492564183317 	0.6291750626454952 	0.22747542477971752 	62 	 10.528918975156104 	5.33623863913257 	0.5 	0.44610698986901065 	1.4650939255218123 	0.7025641025641025 	0.006622851282051282 	0.07104355553026392 	2.4966355950864316 	0.1035696955218211   
0197u1_2_2 	2 	207 	78 	0.42755402977849255 	0.7086848446103514 	0.19457778862887382 	78 	 10.007026948377591 	8.421817088847432 	0.38461538461538464 	0.41285236379755436 	1.3786946625534389 	0.6923076923076923 	0.010861014354066984 	0.09406154246880068 	2.706325432614675 	0.1520035813858287   
0197u1_3_2 	2 	371 	94 	0.5276282817934872 	0.7489009138919288 	0.14089090256191725 	94 	 13.142978132579353 	10.860474790102185 	0.39361702127659576 	0.3662109463416703 	1.5206513467688227 	0.7510121457489879 	0.01660635051546392 	0.10809388414610259 	2.2714795857924712 	0.41662904573932524   
0197u1_4_2 	2 	123 	42 	0.8762265224298063 	0.7541404498901245 	0.12816490730371763 	42 	 7.971979451313811 	5.751387574510823 	0.3333333333333333 	0.3238445359222724 	1.2503353287394314 	0.9609375 	0.0068073370165745856 	0.07654512451995611 	3.025298444521949 	0.4075827192183864   
0206u1_1_2 	2 	350 	104 	0.40664106093063146 	0.6763051021145278 	0.1902959762942923 	104 	 12.228840810756353 	11.382145831729941 	0.375 	0.4083992419537558 	1.4007489925547254 	0.674373795761079 	0.018438870056497175 	0.12225521374069172 	2.658163413761833 	-0.06546564433878921   
0206u1_2_2 	2 	376 	80 	0.7382742735936014 	0.7149343361626976 	0.15115898709615314 	80 	 13.599055408793562 	10.197739430185797 	0.45 	0.3903123748998999 	1.5353431890995495 	0.8526077097505669 	0.02005211428571428 	0.12809620017950477 	2.406072539100339 	0.24162140706746932   
0206u1_4_2 	2 	84 	35 	0.861693984984629 	0.7531714172949604 	0.1244646008291342 	35 	 6.703141509857859 	4.863602832886267 	0.34285714285714286 	0.4370588154508102 	1.2946622704344002 	0.9333333333333333 	0.004853333333333334 	0.06607433319626617 	3.067833555849383 	0.05820298698435023   
0213u1_1_1_2 	2 	224 	61 	0.7564813269595417 	0.7202900469810324 	0.11691558244298686 	61 	 10.064407530656975 	8.558802532920089 	0.2786885245901639 	0.35464438775055634 	1.4596492873825946 	0.896 	0.012125301204819278 	0.1007450190717149 	3.629521295299865 	-0.1629288875921598   
0213u1_1_2_2 	2 	116 	43 	0.7883715474665571 	0.7345223621883511 	0.1774134477884599 	43 	 8.623574729557939 	5.105271071575495 	0.5348837209302325 	0.44854189586013743 	1.4349527342618955 	0.8656716417910447 	0.00683410101010101 	0.07908974347750031 	2.248882313481023 	0.11180690372403508   
0213u1_1_3_2 	2 	90 	62 	0.29421783436324805 	0.628776176561904 	0.22380000020509025 	61 	 9.481201223201706 	5.053552542931495 	0.4032258064516129 	0.39507899077148034 	1.3477116020288313 	0.5084745762711864 	0.005208380952380952 	0.0685465784182815 	2.129957437255206 	-0.2981806409453865   
0213u1_2_1_2 	2 	25 	27 	0.43094549431958756 	0.6412040343314648 	0.26726053292110225 	26 	 4.230542108681584 	3.1154237551566917 	0.6296296296296297 	0.48290388186686295 	1.436008175521899 	0.6756756756756757 	0.0014662736842105263 	0.03666327217049148 	2.325543580218737 	0.2621119289022242   
0213u1_2_2_2 	2 	32 	22 	0.8308344207840775 	0.8280877435749979 	0.10953520743642797 	22 	 3.880756131295681 	3.4689348400765336 	0.6363636363636364 	0.46577048936179993 	nan 	0.9696969696969697 	0.0018373485714285715 	0.04061807805045413 	2.376797587407268 	0.5849864030658612   
0213u1_3_2 	2 	95 	50 	0.47752208334564855 	0.693579194032414 	0.2029657424704547 	50 	 7.970318255325087 	5.209955789659546 	0.56 	0.48 	1.4425642683815691 	0.6884057971014492 	0.005769 	0.07378813675050422 	2.017854622792458 	0.08957665746792164   
0214u1_1_2_1 	1 	798 	191 	0.274881822051441 	0.6323485401290757 	0.19228276180315082 	191 	 21.676776289255926 	14.165152193336281 	0.41361256544502617 	0.39921251394153406 	1.5246247154956913 	0.6363636363636364 	0.02124519708029197 	0.10284871346728272 	2.401229515610615 	0.2847835364579796   
0214u1_2_1_1 	1 	372 	136 	0.2527405854531581 	0.6625059680284063 	0.18994175859668722 	136 	 14.10613863310658 	11.829499949012812 	0.38235294117647056 	0.3932277046212041 	1.4401030176970917 	0.5662100456621004 	0.010930871794871793 	0.07505948068533473 	3.0221924167530982 	0.7821400190001959   
0216u1_4_1_2 	2 	45 	38 	0.391611272608146 	0.5969300955090141 	0.2729187288768501 	38 	 8.648855351968939 	2.606352779782022 	0.631578947368421 	0.47441464150841967 	1.5411001849734487 	0.625 	0.0022499481865284974 	0.04229902400379154 	2.7302307155384917 	-0.0018523409944234386   
0216u1_4_2_2 	2 	199 	66 	0.5740835060278869 	0.6892472341341379 	0.1880586550123971 	66 	 10.41564558697264 	7.763443808106668 	0.5 	0.4372990815049034 	1.5282384466056709 	0.7509433962264151 	0.01088924064171123 	0.09599790693004562 	3.0186616311253998 	0.5954172577166609   
0220u1_1_2 	2 	531 	89 	0.8424116647171721 	0.7628402427148255 	0.12952068094097965 	89 	 14.720465928868439 	12.913579573203112 	0.2696629213483146 	0.32911951721071486 	1.1562716258506525 	0.8676470588235294 	0.023976533333333338 	0.12877841979489849 	3.7859195859760826 	0.816148460070579   
0220u1_2_2 	2 	583 	105 	0.6645073984735962 	0.6970102344821723 	0.14346472403737723 	105 	 15.892678697618015 	13.597636533681197 	0.29523809523809524 	0.37688302737922624 	1.5066323691591812 	0.8573529411764705 	0.029982940397350992 	0.1532054852213486 	2.430835627286512 	-0.28975367769624605   
0229u1_1_2 	2 	49 	40 	0.38484510006474965 	0.6376404502705137 	0.2393031707482534 	39 	 6.91227295334451 	3.5604209135690543 	0.4 	0.41758232721225164 	1.368082873597605 	0.6447368421052632 	0.002907141361256545 	0.05188632081608206 	1.898982092789593 	-0.12160418661498901   
0234u1_3_1_1 	1 	17 	18 	0.659346606308969 	0.7178876817890667 	0.19215841911003018 	18 	 3.485317509512315 	2.347130883884315 	0.5555555555555556 	0.4714045207910317 	1.288394064425614 	0.8947368421052632 	0.000997953488372093 	0.03031443796060709 	2.5488566884397725 	-0.7256126068205417   
0234u1_4_1_1 	1 	30 	23 	0.7126486170714086 	0.7345138581925958 	0.1799881847179902 	23 	 4.170843915008507 	3.2401656508427603 	0.43478260869565216 	0.43910891036356864 	1.379529248504894 	0.8333333333333334 	0.001589098901098901 	0.03631216301389905 	4.311249062282074 	1.0898094858005556   
0246u1_1_1_1 	1 	95 	38 	0.8267349088394192 	0.7218447473281651 	0.16063590954049267 	38 	 7.662121328381232 	4.740395479355231 	0.39473684210526316 	0.44034738238635557 	1.5075487773473255 	0.9405940594059405 	0.00538067415730337 	0.06885144070358089 	3.5151459272820134 	0.5045479132336227   
