0001p1_1_1_2 	2 	427 	73 	1.006913164258091 	0.7722374138396925 	0.12989928195442144 	44 	 28.878296506993948 	20.730366387133795 	0.3150684931506849 	0.34383288761674335 	1.2901681420543303 	0.9488888888888889 	0.021126620689655175 	0.12767932808777818 	2.0579654231228406 	-0.25772769316118604   
0001p1_3_1_2 	2 	436 	71 	1.086875141412537 	0.8850718061703359 	0.08177470403695838 	43 	 26.594137066230857 	22.68657289809448 	0.4507042253521127 	0.4267396452829047 	1.317504047320417 	0.9540481400437637 	0.023293908496732026 	0.13884014340212605 	2.2184683599249597 	-0.615308661152677   
0003f1_1_1_2 	2 	426 	95 	0.5931605409104718 	0.6349629168606783 	0.23728184378283124 	48 	 37.96496088092949 	16.720113184244415 	0.5368421052631579 	0.4510375849606009 	1.5470389734328507 	0.8114285714285714 	0.017827096774193547 	0.11093984153378866 	2.030561200337074 	-0.1846412210548047   
0003f1_2_1_2 	2 	447 	106 	0.4999259224473611 	0.6559627294585847 	0.1614658933939957 	54 	 30.83262694120911 	20.22101234113864 	0.27358490566037735 	0.3485462868285126 	1.3927935356134504 	0.8097826086956522 	0.022833972602739727 	0.13418057206935993 	3.0580062886804082 	-0.4992668061505997   
0003f1_3_1_2 	2 	172 	60 	0.6003932626860493 	0.7159818480516561 	0.21077465296162853 	31 	 21.406433922345133 	12.371205589500182 	0.6 	0.47696960070847283 	1.485066226673575 	0.7889908256880734 	0.00876109090909091 	0.08362206832455192 	2.344606939261564 	-0.07940397342104347   
0003s1_1_1_1 	1 	533 	84 	0.9492453992989567 	0.805448646532477 	0.10400643357951642 	46 	 29.14960459807459 	25.444680306496664 	0.36904761904761907 	0.372677996249965 	1.5347941787468617 	0.941696113074205 	0.025069283018867926 	0.1358112928596699 	2.3035273047873335 	-0.42260772208790237   
0003s1_3_1_1 	1 	645 	102 	0.7790570017552544 	0.6822256500275008 	0.1406157600118294 	51 	 34.75283918727369 	26.240089299880033 	0.22549019607843138 	0.3636713135488512 	1.473652601291165 	0.8554376657824934 	0.02974499115044248 	0.1467408241039292 	2.2127673508164807 	-0.2418724418881017   
0003s1_5_1_1 	1 	563 	93 	0.8179982259086848 	0.6920137890593143 	0.1274620748336703 	41 	 30.725391068700375 	26.270943293996723 	0.21505376344086022 	0.34676377412036774 	1.4779629935304686 	0.8993610223642172 	0.026564288659793812 	0.1405208232734236 	2.273970579384947 	-0.4601311755366516   
0004p1_1_1 	1 	308 	99 	0.39490278024922204 	0.6015274340047673 	0.2214417963034342 	56 	 28.168314671778628 	17.529002624577185 	0.40404040404040403 	0.3680983264300727 	1.4794007573199413 	0.6936936936936937 	0.012661722627737227 	0.09076473736666046 	2.693485321853795 	0.46111636942620193   
0004p1_2_1 	1 	220 	72 	0.5332950492204896 	0.6539422297026155 	0.24275723774837388 	50 	 21.322721658959267 	15.32920612351937 	0.4166666666666667 	0.3957724124659724 	1.3304228723430807 	0.7942238267148014 	0.010802036363636365 	0.09122503449979939 	2.881246657291383 	-0.22658568685692032   
0004p1_3_1 	1 	295 	80 	0.5792311455056182 	0.7403651615337739 	0.17258695447617617 	43 	 24.222862123827763 	18.666420690913693 	0.475 	0.44651427748729383 	1.4124929398194939 	0.7682291666666666 	0.015544140350877192 	0.1128726060285334 	2.20348235663098 	-0.41383982583080076   
0005p1_2_1 	1 	326 	85 	0.5670085564402892 	0.6139348306825018 	0.22755033849751388 	45 	 34.65726114258676 	13.876185712353179 	0.5176470588235295 	0.4313012418781967 	1.5427387951428924 	0.7951219512195122 	0.011656629213483146 	0.08371184836794088 	2.3107470491368955 	0.49966908255271864   
0005p1_4_1 	1 	299 	81 	0.5726786791180296 	0.6757407363997963 	0.20058619913418965 	46 	 24.163861082930186 	17.91324022349485 	0.5185185185185185 	0.45091314488270806 	1.5300196630264724 	0.7868421052631579 	0.013993411764705881 	0.10155396218910927 	2.176369083219549 	0.4018386648084262   
0006p1_1_1_2 	2 	358 	86 	0.6082694267091109 	0.6747953626189755 	0.1538859636186202 	38 	 26.392805420175566 	19.41560317109887 	0.3023255813953488 	0.38914419838794223 	1.4450500964617163 	0.8364485981308412 	0.01831352558139535 	0.12039195427978712 	2.0811005474924356 	0.22083651506371613   
0006p1_3_1_2 	2 	171 	67 	0.47869221988314065 	0.7148826229359234 	0.18523857075039946 	41 	 16.909924576867013 	14.263212906939751 	0.40298507462686567 	0.4065623424440667 	1.316416570193739 	0.890625 	0.009073655172413793 	0.08717187045875585 	3.6601291498287947 	-0.9469824871399395   
0006s1_3_1_1 	1 	272 	73 	0.6414060437428589 	0.7748278234130465 	0.10795000650591334 	43 	 22.056350875063707 	17.974764326790723 	0.2328767123287671 	0.31237682879428436 	1.3018385129212349 	0.9066666666666666 	0.012209185185185186 	0.09523166609820956 	3.6104161112628432 	-1.0870600531175134   
0006t1_2_1_1 	1 	303 	82 	0.566271608588761 	0.7163494839340603 	0.18902125550829438 	46 	 27.635845422653823 	16.14281651062035 	0.5487804878048781 	0.4492375721071674 	1.5450569302508264 	0.7973684210526316 	0.011994334928229666 	0.09147506539076826 	1.9118068105903947 	-0.3204782533179781   
0006t1_3_1_1 	1 	192 	68 	0.5217870151291006 	0.6791546721637247 	0.2165188656155784 	36 	 23.219790211265728 	12.600459599986571 	0.5 	0.46200817860014726 	1.452078125424618 	0.810126582278481 	0.008493658536585366 	0.0787322396331024 	1.558544838691151 	-0.11381578734163446   
0007p1_1_1 	1 	1419 	184 	0.526691868554338 	0.6031415356039511 	0.18436418604700328 	89 	 61.592990813174325 	32.36799635262688 	0.3858695652173913 	0.388121110246894 	1.545545330211167 	0.8975332068311196 	0.03478609836065574 	0.13574165642234387 	1.952325812382801 	-0.005087261742779101   
0007p1_3_1 	1 	178 	77 	0.3772666502539944 	0.6713076871715592 	0.18116604176413173 	40 	 17.30676466596027 	15.67962918109187 	0.4155844155844156 	0.3960506670643353 	1.4969311387058517 	0.7672413793103449 	0.009614305882352939 	0.09005145627017808 	2.076760822449659 	-0.3884894757923607   
0008p1_1_1_2 	2 	1319 	122 	1.113614810557629 	0.8242222082116586 	0.09183562832992848 	52 	 45.7644129216289 	38.80481930206984 	0.4098360655737705 	0.4306205093955309 	1.4883264503749838 	0.9641812865497076 	0.05910157575757576 	0.19825639194675806 	2.388758609906141 	0.007621963020074966   
0008p1_2_1_1 	1 	1191 	132 	0.8589616277377051 	0.7775144974840078 	0.12537917003039387 	60 	 48.174306091884475 	34.34864181548616 	0.44696969696969696 	0.42390408586478123 	1.5860391131582905 	0.8868205510052122 	0.056918086274509797 	0.20757058833166372 	2.1261346971346398 	-0.6323845103238741   
0008p1_2_2_1 	1 	344 	77 	0.7290995937492925 	0.6602225897757397 	0.19132229900083356 	40 	 33.26025122321413 	14.816132998363775 	0.5454545454545454 	0.4311218876025411 	1.5321677898131747 	0.9028871391076115 	0.01463582608695652 	0.09922025186045144 	3.079720339662197 	0.9514371820638114   
0008p1_3_1_2 	2 	1205 	124 	0.9848124733547607 	0.7090450560688804 	0.10699122664769717 	51 	 44.347058801945714 	37.42825835922519 	0.1693548387096774 	0.3260897841799312 	1.2870671729355354 	0.9450980392156862 	0.03574628571428571 	0.12676343464798945 	7.20085502087787 	1.8284891910486454   
0008p1_4_1_1 	1 	753 	111 	0.7679958666189803 	0.8078923479560021 	0.13266046758818476 	72 	 34.98821686558565 	29.589723510456036 	0.44144144144144143 	0.4290407531456092 	1.3780214655033909 	0.8766006984866124 	0.0325151304347826 	0.1504035301093981 	2.201813974553818 	-0.31338076496722334   
0008p1_4_2_1 	1 	310 	81 	0.5937471255069873 	0.7905291115755473 	0.14070769261492627 	47 	 22.280211942300383 	19.72775591388576 	0.4567901234567901 	0.43121602954501187 	1.4891078561684332 	0.8333333333333334 	0.015510535211267605 	0.11062068026504057 	2.3516473951044667 	-0.2858853238366195   
0011p1_1_1_2 	2 	400 	74 	0.9179233465565503 	0.8039768474689264 	0.12870187130290683 	45 	 28.641913306691002 	19.67763725089656 	0.4594594594594595 	0.4020128319092842 	1.4725003469327742 	0.9280742459396751 	0.017541120000000004 	0.1103415293946282 	1.9930607256774875 	0.06315821747717536   
0011p1_1_2_2 	2 	1306 	165 	0.6028165297466697 	0.6554315392059725 	0.2547860879240239 	83 	 69.89056100041256 	25.46756274182292 	0.6363636363636364 	0.4714045207910317 	1.5523585473235968 	0.8782784129119031 	0.04497422222222223 	0.16010283641120973 	3.5580574838257375 	-1.0875488721082494   
0013p1_4_1 	1 	1024 	129 	0.7732686442583855 	0.7055354722523928 	0.11776679737372801 	60 	 39.63924159076279 	36.33698184777304 	0.2248062015503876 	0.32055927330442374 	1.4211293679371342 	0.8737201365187713 	0.037075145299145296 	0.14397813380664748 	3.66715436169472 	1.1789700769652511   
0014p1_4_1 	1 	1073 	148 	0.6155823442844864 	0.6857456518992101 	0.2129048814651837 	85 	 47.69374964045615 	32.53180249336441 	0.43243243243243246 	0.4330127018922193 	1.422318844411722 	0.7758496023138105 	0.0420375172413793 	0.1601667251439836 	2.032253212773605 	-0.030464254896976767   
0016p1_2_1_1 	1 	128 	48 	0.6981317007977318 	0.7102686357030153 	0.15843547099658797 	24 	 15.53338826277786 	12.89539033961067 	0.2916666666666667 	0.372677996249965 	1.2996509635498965 	0.847682119205298 	0.0050146976744186045 	0.05674549579395804 	2.713466291310714 	0.8048041921261887   
0016p1_2_1 	1 	552 	86 	0.9378902892274559 	0.8541659610734298 	0.1014220184104485 	51 	 29.52878769232506 	26.184600753524794 	0.43023255813953487 	0.4363177450998539 	1.4064924640227723 	0.9261744966442953 	0.02345811570247934 	0.12827232440053218 	1.5116517323764807 	0.22122170910041486   
0016p1_4_1 	1 	687 	104 	0.7981783110266967 	0.7237119872197183 	0.135421880755024 	53 	 36.480494905119706 	26.132021225865046 	0.28846153846153844 	0.341312295178824 	1.4877104490872703 	0.8818998716302953 	0.03339477685950413 	0.15802707569884694 	1.79204820012279 	-0.03480048907919017   
0019t1_3_1_2 	2 	265 	71 	0.6606007166842255 	0.7229755487855845 	0.15624605240864367 	36 	 24.662659369845866 	16.0454811883635 	0.5352112676056338 	0.44271080691554116 	1.553074215804966 	0.8803986710963455 	0.014955336322869956 	0.11431538075864828 	2.5810279813196355 	-0.5918616605075523   
0019t1_4_1_2 	2 	351 	94 	0.4991847086509812 	0.6266878271540657 	0.20709005068097883 	43 	 28.957653548247304 	20.2739679623475 	0.3617021276595745 	0.4092634906738584 	1.3605659367218303 	0.7163265306122449 	0.018191497757847532 	0.12202649192685572 	2.470979318815334 	-0.7973387877539511   
0020p1_1_1_2 	2 	107 	46 	0.6354450168886727 	0.6527714688005471 	0.2153287573459702 	23 	 19.652925881376504 	8.501904535760756 	0.5869565217391305 	0.4391089103635685 	1.573404239408421 	0.9145299145299145 	0.005479024390243902 	0.0668248426093769 	1.6578452978679594 	-0.27313197602960093   
0020p1_3_1_2 	2 	668 	120 	0.5829399701661061 	0.6228173191729655 	0.2432501983766352 	61 	 49.480579113339466 	19.168380500747194 	0.5083333333333333 	0.44221663871405337 	1.565669707706151 	0.8067632850241546 	0.03149016425120773 	0.15045927798180458 	2.5098299435000375 	0.4266632271727081   
0021t1_1_1 	1 	196 	68 	0.5326575779442901 	0.6756994441138756 	0.16328493053944887 	31 	 20.910996898232657 	13.628259497277721 	0.39705882352941174 	0.4146432994079908 	1.5110014277261334 	0.8132780082987552 	0.00974488888888889 	0.08822869472366672 	1.663601955387567 	-0.24008788841293965   
0021t1_2_1 	1 	263 	60 	0.9180431865490174 	0.8257638822348495 	0.08246297462067857 	32 	 21.212876307531026 	17.60651638704377 	0.26666666666666666 	0.33993463423951903 	1.2772182212917025 	0.9392857142857143 	0.0139792 	0.10705807235444177 	3.39661263272692 	-0.07102695261640311   
0022p1_1_2 	2 	248 	59 	0.8952771940135233 	0.8083501945919186 	0.11996381271484331 	25 	 22.070911058801816 	16.075375881446817 	0.559322033898305 	0.46044331210868217 	1.5138577149578745 	0.915129151291513 	0.010047587096774195 	0.08494324872795282 	1.7888666799149064 	-0.24338467692711196   
0022p1_3_2 	2 	296 	68 	0.8044216483240301 	0.6805455768531575 	0.1472062342277533 	31 	 26.75358792644557 	15.875922913033005 	0.2647058823529412 	0.32218973970892123 	1.4465044542453078 	0.9079754601226994 	0.013686613333333335 	0.10059642088303226 	1.6958266061833323 	-0.033445662790167405   
0024p1_2_1 	1 	487 	117 	0.44706132582313657 	0.6071762236057808 	0.21191065708717277 	60 	 38.979307247094894 	18.344074587899243 	0.39316239316239315 	0.41573970964154905 	1.5305418504326966 	0.7573872472783826 	0.019528745341614907 	0.11195812235477075 	1.8090298564439393 	0.32790036117356414   
0024t1_2_1 	1 	123 	51 	0.5942574338970312 	0.7331660631540227 	0.17318605774839269 	33 	 15.973933759375617 	12.285806812127403 	0.45098039215686275 	0.4112975875177064 	1.4000543482270538 	0.7784810126582279 	0.006462060606060606 	0.07307928252228843 	1.672636077759407 	0.08433717210839606   
0024t1_4_1 	1 	175 	70 	0.44879895051282753 	0.6289136895151884 	0.225761047408047 	37 	 18.40825116184281 	13.610890905030839 	0.45714285714285713 	0.4446966404649538 	1.4696379521368974 	0.7575757575757576 	0.007187963302752294 	0.06936849739927371 	2.552448158625686 	0.8542834336783757   
0025p1_2_1 	1 	992 	142 	0.6182225575007091 	0.739827128970999 	0.18986338769742986 	80 	 46.549480932469535 	30.22137114139132 	0.6619718309859155 	0.48545599829898833 	1.5117940738215505 	0.7829518547750592 	0.038315343915343913 	0.1520887201350154 	2.0910365334707195 	0.18169876920198438   
0025p1_4_1 	1 	735 	121 	0.6308505157812986 	0.6771597347216145 	0.16274775958318718 	63 	 40.597867211103534 	25.346770701253636 	0.3140495867768595 	0.3714414058552766 	1.5022206248793473 	0.8428899082568807 	0.021748928270042194 	0.09861104686457312 	15.912431619835827 	2.171906731920938   
0026t1_1_1 	1 	1171 	133 	0.831885351880524 	0.7496554549341071 	0.10772820749292546 	67 	 46.89568337574112 	33.94122979805933 	0.2631578947368421 	0.3253128970343449 	1.4237850389890927 	0.9198743126472899 	0.04967150344827587 	0.17663391287297273 	4.001417912463155 	1.1254668162116173   
0026t1_2_1 	1 	1187 	146 	0.6997692775025491 	0.6531093812532396 	0.19187963290759147 	69 	 60.83127473088596 	26.70832979804374 	0.5 	0.4310173348644459 	1.5906810665911544 	0.9095785440613027 	0.049699079497907944 	0.17775497264233533 	2.11503258109608 	0.029232787095268855   
0027t1_1_1_1 	1 	359 	75 	0.8020136978764343 	0.721986271730133 	0.13668390578224388 	38 	 27.52329453950721 	18.823397871555184 	0.32 	0.3249615361854384 	1.4825973820346792 	0.8975 	0.01675996862745098 	0.112296603877662 	1.7397246407605091 	-0.04268299125493842   
0027t1_1_2_2 	2 	228 	64 	0.6994952392758523 	0.7478503544650521 	0.18108560124290016 	32 	 21.679397654166003 	15.427289828976951 	0.53125 	0.47495887979908324 	1.376687344155569 	0.8475836431226765 	0.014496125490196079 	0.1191508548585182 	15.278275222228977 	-3.5757514239010653   
0027t1_4_1_1 	1 	545 	103 	0.6455530195895701 	0.6840098985664692 	0.2115562098359915 	56 	 40.76969383486224 	18.861151784738905 	0.6116504854368932 	0.46662581905622985 	1.5695454402270057 	0.8949096880131363 	0.02769019469026548 	0.14805744246805222 	4.489491379940631 	-1.287867894208023   
0027t1_4_2_2 	2 	158 	44 	1.0255612381553458 	0.8509116691717004 	0.10571945892173076 	23 	 17.729549668296137 	12.964317823462551 	0.5454545454545454 	0.4562468159064711 	1.4857460149435795 	0.9518072289156626 	0.00836289005235602 	0.08325235354074757 	3.641549769737392 	-0.8615174479208337   
0028p1_1_1 	1 	272 	74 	0.6241878756584542 	0.6813726463117826 	0.15482881304435242 	34 	 21.437051214619817 	18.008061323902556 	0.28378378378378377 	0.38054399568456015 	1.4949377534272918 	0.9066666666666666 	0.011347087719298245 	0.08793837635242865 	2.0866285844907453 	0.4546899023051161   
0028p1_3_1 	1 	263 	62 	0.8597698937503805 	0.8092632583942957 	0.13451178574512562 	39 	 22.64499743142741 	16.636605095601094 	0.5645161290322581 	0.4610195460631114 	1.4807814769238963 	0.9228070175438596 	0.013716884210526315 	0.1053105577306923 	3.6149292308185204 	-0.7143985888177201   
0029p1_2_2 	2 	691 	122 	0.5834024519297358 	0.7624648752512065 	0.12183102264482863 	59 	 34.80833487505219 	28.280601116514678 	0.4016393442622951 	0.403641713188365 	1.485321834377098 	0.7942528735632184 	0.01939008383233533 	0.09400295151682436 	5.046413939185753 	1.2571323806848984   
0029p1_3_1 	1 	1395 	172 	0.5925529680581072 	0.6693487033972162 	0.14842659059396718 	85 	 55.71535895195643 	34.65893879143042 	0.3081395348837209 	0.3524521992145971 	1.5324043013322954 	0.8026467203682394 	0.06449593725490196 	0.2098518210264274 	2.25487518146687 	0.1742675098596211   
0029p1_4_2 	2 	462 	79 	0.9302456695776219 	0.8562023777429326 	0.09075643875939722 	47 	 26.30601454321958 	24.37665069160429 	0.45569620253164556 	0.4194440892602757 	1.4350676859729075 	0.927710843373494 	0.023308340807174893 	0.13457221395748176 	2.255389508806143 	-0.3017030919576215   
0030t1_1_1 	1 	179 	63 	0.5667372990602902 	0.6338786979789822 	0.19627490052095398 	27 	 23.339295810202316 	10.91104075753746 	0.47619047619047616 	0.4259177099999598 	1.5523745770191528 	0.8861386138613861 	0.008011191256830601 	0.07527889464457732 	3.304511994352808 	0.9867719700061491   
0030t1_4_1 	1 	244 	69 	0.6440231946867545 	0.6984749782665756 	0.18513349686056935 	38 	 21.271683431319726 	17.095639209036953 	0.4927536231884058 	0.4309005434005364 	1.5028253848020843 	0.8356164383561644 	0.01400632888888889 	0.11159881151384721 	12.69764424795443 	-2.824512363288828   
0031p1_1_2 	2 	479 	78 	0.9893641558642412 	0.7561705977318912 	0.14879289949942842 	51 	 32.21554271171152 	20.69455333783931 	0.3717948717948718 	0.37267799624996506 	1.421641846346 	0.9429133858267716 	0.02388952380952381 	0.13717646064504668 	1.9263246984628506 	-0.6179510743818261   
0031t1_3_1 	1 	769 	112 	0.770371412822242 	0.7378957980833337 	0.12953093868788243 	56 	 34.658810396529205 	31.42014082930179 	0.35714285714285715 	0.3829930462415574 	1.5229725860778118 	0.8395196506550219 	0.01923828571428571 	0.09924513865398635 	2.267449101519477 	0.044359637839564876   
0031t1_4_1 	1 	671 	123 	0.5573424999824842 	0.7509596973712459 	0.1614471303898215 	70 	 31.453605486517056 	29.23773932649371 	0.34959349593495936 	0.37627435659857345 	1.4065224109941465 	0.8212974296205631 	0.02960355555555556 	0.14154218692311857 	2.9453317781477657 	0.8830142908877441   
0032p1_2_1 	1 	345 	100 	0.43353978619539146 	0.6325163300976846 	0.2267104386455463 	54 	 33.16313717962377 	15.834611490385342 	0.52 	0.4439594576084623 	1.5774054210685353 	0.6764705882352942 	0.0168158024691358 	0.11352160729529903 	3.483058292356333 	-0.8290092910830642   
0032p1_4_1 	1 	139 	59 	0.5017884272898376 	0.6556764924815623 	0.2044414103623846 	31 	 18.300390715342044 	12.033211901223408 	0.4406779661016949 	0.40252007074704804 	1.466220372136359 	0.7637362637362637 	0.0062608 	0.06720811909471124 	2.681781539810731 	0.8482592362702124   
0032t1_1_1 	1 	163 	61 	0.5504752513143093 	0.7230513832249807 	0.14826861590486287 	29 	 20.1756783927174 	12.498343635989215 	0.45901639344262296 	0.40950806546874735 	1.5259905826720952 	0.8534031413612565 	0.006019555555555556 	0.06072544954939211 	3.5388115110843303 	1.1704489372542743   
0032t1_3_1 	1 	136 	53 	0.6084109660209497 	0.6675582041837356 	0.2039458518826391 	28 	 20.816024648216583 	9.966532190292137 	0.4528301886792453 	0.4302548773959012 	1.522760432576054 	0.8395061728395061 	0.0072403862068965525 	0.07765089789768664 	2.7868359634132647 	-0.4206896508219021   
0033p1_1_1 	1 	30 	25 	0.6031857894892403 	0.6994856467707045 	0.2236742604533555 	13 	 9.816971313906013 	5.419686556327279 	0.44 	0.44899888641287294 	1.380448145866934 	0.8823529411764706 	0.0017322264150943397 	0.039565616157119156 	2.095510408279453 	0.021576088589715686   
0033p1_2_1 	1 	187 	54 	0.8058680743776288 	0.8331459845568163 	0.10071846805177623 	29 	 17.1411164534835 	15.979387595181526 	0.4074074074074074 	0.43822813208145295 	1.282673652582269 	0.8904761904761904 	0.0054565517241379315 	0.05551822768881849 	2.012021440668623 	-0.031898477159533055   
0033t1_2_1 	1 	89 	40 	0.699004365423729 	0.7415757325988326 	0.16428179979407861 	19 	 13.266396804225632 	10.571821745472505 	0.425 	0.46837484987987993 	1.2368082848179327 	0.9175257731958762 	0.002888228571428571 	0.039591518533655876 	4.225815489959622 	0.05578450016405543   
0034p1_2_2 	2 	180 	51 	0.8696450252151676 	0.8221091253784448 	0.10203477727427042 	27 	 16.889190222685382 	15.72447630818218 	0.5098039215686274 	0.435806093546919 	1.4269492303607123 	0.9278350515463918 	0.010491630522088355 	0.0973327317042143 	2.768955688998021 	-0.5604412030693621   
0034p1_4_2 	2 	147 	47 	0.8362410503896779 	0.73185336248418 	0.13632959395936758 	23 	 18.52565655570359 	11.615393926339763 	0.46808510638297873 	0.4360404581259404 	1.527432504117026 	0.9423076923076923 	0.007452918518518518 	0.07672162004439627 	3.5303492157394913 	0.6630545332444285   
0036p1_1_1 	1 	1385 	134 	0.969281761020687 	0.8735183590244106 	0.07749050559848422 	76 	 44.549534630848164 	41.600932446486866 	0.44029850746268656 	0.4168429863811624 	1.3426546886667792 	0.9370771312584574 	0.033146625954198476 	0.1169325678957373 	3.5309567508433903 	0.485146592297103   
0036p1_3_1 	1 	1202 	121 	1.0316766258083276 	0.8258732142286933 	0.07416538536246207 	56 	 43.92640496506839 	36.97635902536605 	0.24793388429752067 	0.3295438353285436 	1.4525540232396714 	0.9442262372348782 	0.04629406896551724 	0.16700934376278187 	2.9622539323940744 	-0.7312068714109505   
0037p1_2_2 	2 	287 	75 	0.6411641540126369 	0.6572600585876469 	0.19030553047161433 	36 	 29.992405390498718 	13.805258639603768 	0.49333333333333335 	0.41867515914953546 	1.5529822024149593 	0.875 	0.014100622222222222 	0.103551888865023 	3.3406212571818634 	0.6684686435260639   
0041t1_1_1 	1 	547 	90 	0.8486178674141317 	0.6918371297384733 	0.14344710589531126 	54 	 34.804594833332864 	22.029984298519214 	0.25555555555555554 	0.30000000000000004 	1.4087254993253064 	0.9086378737541528 	0.03067563025210084 	0.16250403477795827 	7.094160521191297 	-1.9401750635805668   
0042p1_3_1 	1 	39 	25 	0.7841415263360123 	0.7316295024919585 	0.19706830831514482 	13 	 11.426294106879402 	5.790804001898539 	0.68 	0.48000000000000004 	1.4141194159754296 	0.9285714285714286 	0.002227848101265823 	0.04466718243126984 	2.0343948429084837 	-0.2529508960886066   
0042p1_4_2 	2 	220 	63 	0.6965486357165579 	0.7209451810042518 	0.2165749585095503 	38 	 25.34932086472032 	13.018651830402613 	0.5714285714285714 	0.45175395145262554 	1.4383285898226277 	0.8208955223880597 	0.011452595744680851 	0.09646065925584602 	1.8866216270076823 	-0.010493868408140867   
0043p1_2_2 	2 	346 	91 	0.5250530410057087 	0.6526656786484646 	0.15414347747160356 	47 	 25.444328565594816 	20.018849767086497 	0.26373626373626374 	0.3259867466855236 	1.4928300339065195 	0.7899543378995434 	0.0023798518518518517 	0.03421067238288206 	8.964998115013532 	2.576203679306401   
0044t1_2_1 	1 	189 	64 	0.5798447378207724 	0.681397196331598 	0.18472919166784818 	34 	 18.68889933714777 	15.158487910330015 	0.40625 	0.3903123748998999 	1.478158455214989 	0.7875 	0.009688949152542373 	0.08779784464169757 	3.117838787040385 	0.7624914762905162   
0045t1_1_1 	1 	2145 	176 	0.8701854651278547 	0.7879745063156818 	0.1264525374250693 	92 	 65.64020059351586 	44.18087432634125 	0.5284090909090909 	0.4393776120268455 	1.5904812384300846 	0.9092835947435354 	0.11042438095238094 	0.27771863326188173 	3.264598423282588 	0.6864902604703917   
0045t1_2_1 	1 	1924 	164 	0.8989328175946999 	0.6878623492125329 	0.14858939898971973 	83 	 67.61649678670867 	38.47323726670063 	0.4024390243902439 	0.3652433934602911 	1.5424595927997242 	0.947316592811423 	0.09645375280898877 	0.2586543834093667 	2.6868374747977914 	0.4792051596122427   
0046t1_3_1 	1 	242 	83 	0.4414373187218638 	0.6709596994590685 	0.1880299188334001 	42 	 20.39893886028459 	16.71798218353371 	0.39759036144578314 	0.4201348379316312 	1.4138344442199817 	0.7658227848101266 	0.010212444444444446 	0.08238086678978947 	5.522886155748918 	1.534585547101459   
0046t1_4_1 	1 	287 	71 	0.7154430403334819 	0.7114760754337331 	0.16056982956830357 	36 	 25.12481595955326 	16.94396347015929 	0.5211267605633803 	0.4267396452829047 	1.5409234021307139 	0.8803680981595092 	0.012196693333333333 	0.08947994812345986 	7.674214397725778 	1.2912160890820255   
0048t1_3_1 	1 	230 	86 	0.39078762051143995 	0.6760896655988867 	0.21311597082829162 	46 	 22.45027299870829 	15.199241617960126 	0.5697674418604651 	0.45926552693329076 	1.5275800102748105 	0.7876712328767124 	0.010294791366906475 	0.08536685302647211 	2.26812306799667 	0.4695353037642765   
0050t1_1_1 	1 	152 	50 	0.7640353333530376 	0.8223657981494672 	0.10492193136350718 	27 	 16.710964109713434 	13.74313723073857 	0.46 	0.4142463035441596 	1.4905747973910777 	0.8685714285714285 	0.009246117647058823 	0.09343048558576589 	2.705974322981751 	-0.8715296710176693   
0050t1_2_1 	1 	319 	77 	0.6761127046686753 	0.729140616430145 	0.16975194235598143 	41 	 23.123736053694365 	21.179672016814173 	0.5454545454545454 	0.4517539514526256 	1.531615035264278 	0.8137755102040817 	0.013640503496503496 	0.09640155730001086 	2.1075162226487154 	-0.006963274969088917   
0051p1_1_1 	1 	1110 	191 	0.3823544141317037 	0.6567494379032601 	0.19804270684716377 	93 	 52.08701480641719 	33.284496740846585 	0.46596858638743455 	0.4367257958884341 	1.5608236549066423 	0.6491228070175439 	0.04049558974358975 	0.14955519204977155 	3.7249715261068994 	0.8950113377149049   
0051p1_2_1 	1 	375 	101 	0.46195363007398194 	0.6653354821887376 	0.1543724938662451 	55 	 26.581841548824077 	20.50133302838954 	0.27722772277227725 	0.32356702254194436 	1.4821866410386035 	0.8029978586723768 	0.007427137254901962 	0.05679101182378461 	4.02741297260617 	1.199200701791124   
0059p1_1_2 	2 	1602 	160 	0.7863799111016951 	0.740206067153186 	0.11579676861038092 	78 	 54.91376770328387 	39.12013572117576 	0.3125 	0.3630921887069453 	1.544859596046369 	0.9071347678369196 	0.06413448101265823 	0.19329111488673095 	2.8111305444221957 	0.3312231139991643   
0059p1_3_2 	2 	1077 	133 	0.7651071938303368 	0.7914683819024229 	0.17001210615198603 	89 	 43.89368876090683 	35.26007386210404 	0.5112781954887218 	0.4481102082932733 	1.351573338842439 	0.8534072900158478 	0.034443086614173224 	0.13663532670420922 	2.3414348931412117 	-0.1830765451610781   
0059t1_1_1_1 	1 	240 	58 	0.8965306026891204 	0.8200351094211304 	0.0904379571375342 	29 	 20.31491149419149 	17.026449615530872 	0.3103448275862069 	0.32576626944295145 	1.4270037228361205 	0.9448818897637795 	0.011505889763779528 	0.09381265679610563 	1.702029683792711 	0.002462766424460432   
0060u1_3_1_2 	2 	231 	72 	0.559959801681514 	0.6337804200219376 	0.2413358947969638 	38 	 26.523365724519074 	13.594887017234468 	0.5694444444444444 	0.46626139809984773 	1.568959872224893 	0.7938144329896907 	0.010690430379746837 	0.08788038059426419 	3.829449185635508 	0.9816187218748407   
0061p1_4_2 	2 	560 	85 	0.9740024282409877 	0.8140865586091978 	0.12633059207515318 	43 	 33.988190214515804 	22.517237576898815 	0.6705882352941176 	0.48134758930538313 	1.5380584209839856 	0.9605488850771869 	0.03449072941176471 	0.1797527401974207 	13.393611921380876 	-3.18846350496983   
0061u1_1_1_2 	2 	359 	76 	0.7810469270351355 	0.697571252379651 	0.17080531750522596 	34 	 30.403541207319005 	16.740256565991846 	0.5263157894736842 	0.4471748807359586 	1.5730439020700637 	0.8952618453865336 	0.02221377254901961 	0.14493788765271015 	7.1348242810946 	-1.5601869970977638   
0061u1_1_2_2 	2 	353 	75 	0.7886095692211178 	0.6856056780041516 	0.17344389675901078 	34 	 30.651982855500652 	16.36096378075441 	0.44 	0.4186751591495355 	1.568727362158341 	0.8936708860759494 	0.016558222222222224 	0.11028989501370663 	2.018095899959312 	0.25411088495469997   
0061u1_2_1_2 	2 	269 	62 	0.8793844160412636 	0.7220307502823765 	0.15907143049271907 	30 	 25.106812065005204 	15.489017529363958 	0.5645161290322581 	0.4610195460631114 	1.5581414763930639 	0.9087837837837838 	0.013984 	0.10648467091615528 	2.4283648359356786 	-0.43622755479977704   
0061u1_2_2_2 	2 	297 	66 	0.85679799643358 	0.7105994462671387 	0.17812196448523224 	33 	 28.043748183596666 	15.258848031856415 	0.5454545454545454 	0.4527743271964829 	1.5324764650245133 	0.9166666666666666 	0.012724658227848101 	0.09236506543607326 	3.327330837694803 	0.22528605275969868   
0062u1_1_1_2 	2 	297 	76 	0.6461585998034408 	0.7049949867672951 	0.14642009443959844 	34 	 21.789084464089587 	20.502128791693618 	0.40789473684210525 	0.40768245749551757 	1.4757146479244 	0.8272980501392758 	0.015122061349693253 	0.11031201931441348 	2.1467429376937535 	-0.7375494903515301   
0069p1_2_2 	2 	263 	61 	0.8881901294212476 	0.7929422339267057 	0.11784553065758618 	33 	 21.744752212458945 	17.245634216554297 	0.4262295081967213 	0.420516568471497 	1.4769460623227477 	0.9359430604982206 	0.012739023622047244 	0.09817094403534518 	2.4409264806197903 	0.15277518635492945   
0069p1_4_2 	2 	393 	77 	0.8329538963473022 	0.7573340695891083 	0.08633806703445673 	37 	 25.103016208132864 	22.237251451165605 	0.1038961038961039 	0.2680489277993544 	1.2977138758269902 	0.9401913875598086 	0.016796893203883497 	0.10761323729423983 	1.7266387749440877 	0.2851890374919041   
0072u1_1_1_2 	2 	36 	25 	0.7238229473870883 	0.7915005075138961 	0.12299165258360019 	15 	 7.875830676956265 	7.760964187940989 	0.36 	0.32496153618543844 	1.2714419191067283 	1.0 	0.0018428 	0.0387172001591024 	2.054374380583093 	0.002844229465079567   
0072u1_2_1_2 	2 	31 	21 	0.8833503152950892 	0.75231365607728 	0.1438430726392578 	10 	 7.939618544362454 	6.610248832273396 	0.42857142857142855 	0.4259177099999599 	1.1557718893227271 	1.0 	0.001728 	0.03910716565397947 	2.88590284645839 	-1.0845965414287753   
0075p1_1_2 	2 	626 	125 	0.5034590722936859 	0.6692309661575551 	0.21722968826851718 	69 	 35.569418661718835 	25.460162388031637 	0.528 	0.4599826083668816 	1.4851436729190228 	0.7488038277511961 	0.03127111111111111 	0.1539104889132994 	2.6426927078449047 	0.3344368233295157   
0075p1_2_2 	2 	347 	67 	0.9713812883008761 	0.798532572162411 	0.1178168152509329 	34 	 23.463024318157757 	20.950984876118394 	0.5074626865671642 	0.44326096731097003 	1.5528605350325706 	0.9327956989247311 	0.015582558558558557 	0.10668200768025525 	1.7164524193774477 	-0.303001948981423   
0076p1_1_2 	2 	197 	70 	0.5052193900058687 	0.6131423521867572 	0.23644116498635928 	39 	 22.851386815782323 	14.169065201303722 	0.44285714285714284 	0.41991252733425916 	1.512095693390701 	0.8040816326530612 	0.010321836065573771 	0.09162828101871442 	3.914581609490936 	1.1316402284541232   
0076p1_3_2 	2 	302 	80 	0.5929756133650734 	0.7348333129497178 	0.13555059046489545 	41 	 23.296185113581224 	18.87310912861444 	0.275 	0.3443744328488978 	1.3331311048492158 	0.8365650969529086 	0.014684342857142858 	0.10492012643910002 	4.814660772596073 	1.2264374628359638   
0076u1_1_2 	2 	429 	97 	0.5729591873270364 	0.7293590660932724 	0.17193122998653426 	57 	 28.714838599153214 	20.604436134135643 	0.4948453608247423 	0.43151442343208973 	1.5325598240254172 	0.8395303326810176 	0.02056 	0.12407194841490589 	1.9108960419176257 	-0.2533105984708084   
0076u1_2_2 	2 	270 	72 	0.6544984694978735 	0.6686351056298803 	0.1321353897797334 	30 	 23.544589802256453 	16.53239852277782 	0.18055555555555555 	0.3142696805273545 	1.452810599414238 	0.9 	0.012501853658536585 	0.09679303199900181 	3.545182413827686 	-0.96377820311963   
0080p1_1_2 	2 	363 	68 	0.9865035754784559 	0.798228030144073 	0.08177758812232185 	32 	 23.87697077886039 	21.297800959179238 	0.22058823529411764 	0.33887407711185036 	1.3683731825552718 	0.9705882352941176 	0.015653333333333335 	0.10308452777974832 	2.2254214015667197 	0.07024621388439083   
0080u1_2_2 	2 	89 	37 	0.8169517784353297 	0.7384001874745092 	0.1252195034823668 	20 	 14.197651921152978 	10.092037660181292 	0.32432432432432434 	0.3916588309780929 	1.3921927694775602 	0.9270833333333334 	0.003656 	0.04965514740689026 	2.551683349551021 	0.21048772047313813   
0084u1_1_2 	2 	99 	42 	0.7052554936630149 	0.8156544767957887 	0.14384575758863902 	23 	 13.107674046847247 	11.079463555111456 	0.5 	0.46229732949875235 	1.2671575675357878 	0.9 	0.00524544 	0.06605016025958992 	2.885003232673468 	-0.6717688285538727   
0084u1_2_2 	2 	244 	68 	0.6631043317265654 	0.7319898568967711 	0.1282185023635098 	33 	 22.28384985573803 	16.053955587470785 	0.27941176470588236 	0.3388740771118504 	1.491106318017452 	0.8905109489051095 	0.012780747967479677 	0.10200184794405759 	3.289401601298068 	-0.6315801336354252   
0084u1_3_2 	2 	134 	53 	0.5994637459324063 	0.6563447366469705 	0.23325193121292756 	28 	 21.898986008517674 	9.694561553304709 	0.6226415094339622 	0.4590764173809978 	1.4935460314322415 	0.881578947368421 	0.0038956946564885496 	0.04994361786214136 	1.6788287310480667 	0.2466994703473237   
0088b1_3_1_1 	1 	1545 	173 	0.648703351237426 	0.6485428071818231 	0.19043105516357473 	76 	 65.13575462403534 	32.63820718261335 	0.45664739884393063 	0.42523870884969994 	1.584076460120249 	0.8479692645444566 	0.06017035294117647 	0.18625543138485884 	4.465763457934464 	1.625102533741993   
0095u1_1_2 	2 	230 	72 	0.5575357332759664 	0.5750893336977101 	0.18653157920013336 	35 	 24.075659141976487 	14.591322628621342 	0.2916666666666667 	0.35977316241635054 	1.4572346938574399 	0.9623430962343096 	0.0017024000000000002 	0.0250244247534284 	5.864555666830172 	1.8384127926754559   
0097u1_4_2 	2 	40 	24 	0.8726646259971648 	0.7979847884891873 	0.1366345318306649 	13 	 9.971813639654906 	6.65820891290831 	0.4166666666666667 	0.4061164310337068 	1.4495288790429992 	0.975609756097561 	0.0018921025641025642 	0.03757902688330799 	4.706999129799727 	0.021522925483375265   
0100u1_3_2 	2 	667 	109 	0.7054767443630643 	0.6736256023411377 	0.1938719836275393 	57 	 38.02421076315441 	24.382561172141667 	0.43119266055045874 	0.42618604217750217 	1.4891204585504918 	0.8421717171717171 	0.011972992907801417 	0.06290775815007107 	6.640025169922387 	1.4002667630376349   
0100u1_4_2 	2 	904 	111 	0.9220030058745793 	0.7611408489312627 	0.08807505550036437 	43 	 37.9930419300084 	32.738072567917946 	0.17117117117117117 	0.3215597891454909 	1.3804472435657384 	0.9224489795918367 	0.03551322352941177 	0.14885548931260367 	1.727415535970654 	0.060408878081618246   
0104u1_3_1_2 	2 	121 	49 	0.6332906473708705 	0.6498637145466026 	0.1980293262477892 	25 	 18.22270939834249 	10.409735633194067 	0.5102040816326531 	0.4414960745466109 	1.5256630974916576 	0.8344827586206897 	0.005889714285714286 	0.06741203671603521 	2.0826615575543364 	0.059239508269926154   
0104u1_3_2_2 	2 	58 	36 	0.5623838700870617 	0.7611455449315523 	0.21604101368363374 	24 	 11.19286733976802 	8.597222246703032 	0.5833333333333334 	0.48032267960529396 	1.306660357629222 	0.8656716417910447 	0.0017951013215859032 	0.030968981748504907 	4.367683933956187 	1.4571982710080478   
0104u1_4_1_2 	2 	91 	39 	0.7518341393206343 	0.7114935240242172 	0.16338451024847375 	19 	 14.266910754050146 	10.276624720453096 	0.3333333333333333 	0.36080121229411 	1.504013236377467 	0.900990099009901 	0.0041125 	0.05435672681462709 	2.9253546141521256 	0.2731068766062031   
0104u1_4_2_2 	2 	627 	128 	0.4809029770021485 	0.6139149402235138 	0.23515994663641757 	71 	 48.38460892952338 	19.63173307101377 	0.4453125 	0.41339864235384227 	1.5588527046198282 	0.755421686746988 	0.024761686098654707 	0.1284734591865672 	2.206552244074572 	-0.42718117655099214   
0109u1_1_1_2 	2 	349 	74 	0.80088811987059 	0.6724845490483918 	0.1300632224051121 	26 	 24.689222073289056 	21.00540079809585 	0.1891891891891892 	0.3268482870931844 	1.37856183187091 	0.8880407124681934 	0.012702608695652172 	0.08749349999513602 	2.6267282066728903 	0.664275877228536   
0109u1_1_2_2 	2 	80 	34 	0.8696450252151676 	0.7788997821186716 	0.12517216380632096 	18 	 12.623505080088703 	9.70193057121052 	0.29411764705882354 	0.3812200410828153 	1.194109016622313 	0.9302325581395349 	0.004502356164383561 	0.06289989532386998 	2.524824894699688 	0.5165220011032683   
0109u1_2_1_2 	2 	562 	93 	0.8165452983315822 	0.7498796066573162 	0.13736597851886503 	45 	 32.42414864137505 	24.921081609770916 	0.44086021505376344 	0.4375696763306624 	1.547929137292084 	0.8528072837632777 	0.024775177570093457 	0.13293150440764995 	2.0549677961698034 	-0.4322205816380691   
0109u1_2_2_2 	2 	171 	69 	0.45134412414522546 	0.6768763861761271 	0.2498104886875024 	42 	 18.589121587785662 	13.662842870221537 	0.5362318840579711 	0.47140452079103173 	1.3490007264962705 	0.76 	0.009551238095238095 	0.09097258898199044 	1.983046060601143 	0.16186469852308444   
0109u1_2_3_2 	2 	100 	39 	0.8261913618908069 	0.7130372038670981 	0.1787807631877816 	19 	 14.929527086307584 	10.365564840571341 	0.5128205128205128 	0.4499981737124165 	1.5432752328784018 	0.9090909090909091 	0.005158709677419355 	0.06468517847111308 	1.9091424332167914 	0.1901130884508897   
0109u1_3_2 	2 	115 	44 	0.7464527999231947 	0.7115147475831606 	0.14427474190747316 	17 	 16.5736974080511 	10.712389730534316 	0.3409090909090909 	0.385694607919935 	1.493072925134912 	0.8914728682170543 	0.005771107438016529 	0.06744928782994992 	2.5067663538225595 	0.6948036586539305   
0109u1_4_2 	2 	112 	41 	0.8372596721048348 	0.764614579227896 	0.0880157396393544 	14 	 14.469599851525578 	11.74865230770252 	0.14634146341463414 	0.32722946012192045 	1.3261263915527 	0.9256198347107438 	0.0060567787610619475 	0.07159349067175183 	1.9132630087149416 	0.15598131423361875   
0114u1_3_1_1 	1 	1385 	177 	0.555537147718965 	0.7463657858386653 	0.14908667664996758 	89 	 45.69165717119793 	43.32087045476905 	0.536723163841808 	0.46279429189316146 	1.5069985948830502 	0.7996535796766744 	0.04956035398230088 	0.16695518085478292 	2.8468887257420525 	-0.11097974821353328   
0121u1_1_2 	2 	109 	42 	0.7764934223158445 	0.8084835608940997 	0.13607168671391193 	21 	 14.487991055712875 	11.58484824900837 	0.4523809523809524 	0.42591770999995987 	1.396693732285171 	0.923728813559322 	0.0054345 	0.0651506172534075 	3.3297868336734844 	0.8559501483764165   
0121u1_2_2 	2 	133 	41 	0.9942458606244914 	0.8492322299061651 	0.10596837677604835 	25 	 15.552153948241477 	12.607803265298324 	0.5853658536585366 	0.4430707835264622 	1.3172795058091362 	0.95 	0.006650514285714285 	0.07216916102181493 	2.7517786757012206 	-0.11902723339943666   
0130u1_2_2 	2 	102 	39 	0.842715189128623 	0.799807416960169 	0.11261901807606566 	21 	 13.533167540223815 	11.381458334963567 	0.48717948717948717 	0.43665093245965136 	1.3947930399714297 	0.9272727272727272 	0.004677663716814159 	0.05807172120070819 	5.055149068137753 	1.3232589957539587   
0134u1_2_2 	2 	82 	35 	0.841177461532614 	0.8375415085181879 	0.11034045114948511 	22 	 11.865459354472069 	10.74411453043649 	0.4 	0.4 	1.22635673174398 	0.9318181818181818 	0.004316121212121212 	0.05973871118254952 	2.1077760879450897 	-0.18424886823803277   
0154u1_1_2 	2 	175 	49 	0.9159162255363827 	0.7619741494528619 	0.13939254397118583 	23 	 20.18774865807599 	12.603985641652443 	0.40816326530612246 	0.4300266837899077 	1.5021330383880818 	0.9615384615384616 	0.008093460317460317 	0.07750685277199887 	2.217002070558659 	0.1598596383718719   
0154u1_2_2 	2 	82 	35 	0.841177461532614 	0.7405537540799553 	0.12073854147582913 	21 	 13.119009529896545 	10.004904935227188 	0.2571428571428571 	0.31815796359028703 	1.2873599310966493 	0.9213483146067416 	0.0046015 	0.06355215951484261 	1.985388106167051 	-0.060440977405917806   
0154u1_3_2 	2 	76 	32 	0.9326603190344698 	0.850875579698737 	0.11425161180118032 	16 	 12.36541193219118 	9.591619201024375 	0.53125 	0.4841229182759271 	1.3806976099255466 	0.9382716049382716 	0.0037036521739130437 	0.0536778236221232 	2.3000613226298814 	-0.1397001883478143   
0154u1_4_2 	2 	70 	35 	0.7180783208205241 	0.708200066288657 	0.16439006867864756 	18 	 13.965506149894292 	7.9948463072735185 	0.4857142857142857 	0.4 	1.5525620341298583 	0.9090909090909091 	0.003952551724137931 	0.05903454547524152 	2.4298687659353737 	-0.3231377903649336   
0156u1_2_2 	2 	150 	72 	0.363610260832152 	0.6541126584125236 	0.22158835653571163 	36 	 19.336916726756662 	13.162428822889321 	0.5833333333333334 	0.47140452079103173 	1.5527987493052764 	0.6944444444444444 	0.007233855072463768 	0.07388448333339387 	3.0713374898357624 	0.3984494671862294   
0169u1_3_2 	2 	89 	36 	0.862968352374974 	0.8212444173269928 	0.11658385412841708 	23 	 12.45261351836282 	11.06370884690522 	0.3611111111111111 	0.39577241246597245 	1.147753183615806 	0.9368421052631579 	0.0035021395348837202 	0.0478521816318892 	2.171615240190331 	0.5218288488137002   
0174u1_3_2 	2 	294 	73 	0.6932844737514725 	0.7386338124376357 	0.17139942793338647 	39 	 24.723810869982962 	16.14056728401516 	0.4931506849315068 	0.4387840377547114 	1.5390521503464751 	0.8936170212765957 	0.013433142857142857 	0.09764345626067633 	2.7014922368896035 	0.6088417716173027   
0174u1_4_2 	2 	173 	47 	0.9841476307307092 	0.7809518486832187 	0.13177488077614086 	26 	 18.95786756549651 	13.295769586568381 	0.3191489361702128 	0.3758196113330999 	1.4899806325895635 	0.9453551912568307 	0.008830171428571428 	0.08405263845784804 	1.9588772044668032 	0.19412717386005549   
0197u1_1_2 	2 	266 	75 	0.5942497037190293 	0.6596191994663176 	0.22102264487941387 	38 	 29.0400610473522 	12.87987350022639 	0.5866666666666667 	0.4714045207910317 	1.5729765538418925 	0.875 	0.009065464788732394 	0.07775332340265532 	1.4590178846070816 	0.16889140497250846   
0197u1_2_2 	2 	99 	51 	0.47830476386834225 	0.6022445504029794 	0.25146645643192345 	27 	 20.839287430614185 	7.837749447979138 	0.5490196078431373 	0.4462669284996487 	1.5694408830568667 	0.7557251908396947 	0.005344627450980391 	0.06718673251353606 	2.045908671490519 	0.45438716237149734   
0197u1_3_2 	2 	398 	107 	0.4368429997829462 	0.6131351313252642 	0.20936166315216737 	65 	 26.829628025746125 	21.826256296731227 	0.308411214953271 	0.33722651500315354 	1.3718394226698545 	0.7171171171171171 	0.018674366863905324 	0.11760288116857406 	2.5250222161395155 	-0.45463135784580755   
0197u1_4_2 	2 	179 	48 	0.9762935503343281 	0.794831676457742 	0.12819684082982133 	24 	 18.31475973248814 	14.181294811601028 	0.4583333333333333 	0.42029668753816696 	1.4143146643754072 	0.9623655913978495 	0.007994621848739496 	0.07601827732010928 	1.80992708256913 	0.11908832493758095   
0206u1_1_2 	2 	78 	38 	0.6787928725207864 	0.7827700256417481 	0.1562588747709109 	22 	 12.355526966380195 	10.380626639989046 	0.3157894736842105 	0.3876557858593746 	1.2219213259340933 	0.9069767441860465 	0.0043006511627906975 	0.06096342800165817 	2.3486101052580657 	-0.3244972726148369   
0206u1_2_2 	2 	423 	95 	0.5889833540026514 	0.7352321019611673 	0.14953644277279884 	51 	 27.000908721466416 	22.493608101023916 	0.3684210526315789 	0.391884430926027 	1.5148076858235782 	0.8181818181818182 	0.009888507936507937 	0.07371359682666223 	1.8752253774760046 	0.39994345554173155   
0213u1_1_1_2 	2 	374 	87 	0.6209304544550576 	0.6594344429870044 	0.1707107454359195 	42 	 27.226613486038232 	21.934261713790765 	0.3793103448275862 	0.3965100761071342 	1.5568910727950356 	0.8112798264642083 	0.01667781818181818 	0.10766243756918589 	2.9500035716053956 	0.30056450467882345   
0213u1_1_2_2 	2 	182 	77 	0.3857445525068931 	0.6642463515669244 	0.2169184369234747 	40 	 18.91893479077752 	14.78318110758829 	0.42857142857142855 	0.42322521394286555 	1.4662230982038367 	0.7222222222222222 	0.009680246153846155 	0.08931108219279557 	3.647144928590961 	0.538840474719868   
0213u1_1_3_2 	2 	92 	49 	0.4815102442819841 	0.6439027943798368 	0.24610658724094372 	32 	 13.1959600670842 	10.266487778077927 	0.40816326530612246 	0.4172458836787933 	1.3500823898966918 	0.8070175438596491 	0.005121443609022556 	0.06689672403008347 	3.3036387407478993 	-1.0743050047448448   
0213u1_2_2_2 	2 	46 	29 	0.6873401287283257 	0.7619681465760403 	0.15117149025376023 	16 	 11.05275844715793 	6.9817412657269955 	0.4827586206896552 	0.40508069394726653 	1.4800780695948932 	0.9019607843137255 	0.002626031746031746 	0.04836000673124027 	4.647299700414223 	0.6485540135151996   
0213u1_3_2 	2 	58 	30 	0.8098327729253689 	0.7635183896007194 	0.13053608214407306 	19 	 10.982479747614487 	8.405886833431271 	0.36666666666666664 	0.37267799624996495 	1.3483994164372506 	0.9508196721311475 	0.0027290947368421056 	0.04512354254464997 	2.708599706724634 	0.8135434930448984   
0214u1_1_2_1 	1 	889 	151 	0.4899567333084209 	0.7098814874232083 	0.21008198042614964 	86 	 43.04470774916046 	31.821407091567153 	0.5231788079470199 	0.45440309399757467 	1.5011188655446777 	0.6891472868217055 	0.0320336 	0.13224677111763447 	5.421647446934611 	1.4123210269243767   
0214u1_2_1_1 	1 	1143 	183 	0.4288978951958116 	0.662307641186302 	0.2049199425149317 	105 	 47.054029808966924 	35.37093089036022 	0.4918032786885246 	0.43379856365004027 	1.524457369406295 	0.7051202961135101 	0.05335972254335259 	0.1935841270674588 	2.4297129488330307 	-0.3461676898757894   
0216u1_4_2_2 	2 	42 	26 	0.7807508369868126 	0.7509307704147515 	0.16309725810346612 	16 	 10.41589034345694 	6.899157452855108 	0.34615384615384615 	0.36080121229411 	1.172249126263804 	0.9545454545454546 	0.002036266666666667 	0.03998572323350757 	2.221924171267897 	-0.6286256342973819   
0220u1_1_2 	2 	641 	90 	0.9944498226918802 	0.7966727050535876 	0.10037636879724574 	46 	 32.554396805455816 	27.40376299730356 	0.2777777777777778 	0.3624334762288909 	1.4395928616445957 	0.9236311239193083 	0.026467469879518073 	0.13260508162624104 	2.2272228910506944 	-0.19393939719572942   
0220u1_2_2 	2 	641 	122 	0.5411880921663685 	0.6439852126001335 	0.17043617436394481 	62 	 35.56891195206631 	28.38843773732989 	0.38524590163934425 	0.3774943914645722 	1.561704382014407 	0.7436194895591647 	0.019514739726027398 	0.10173327603147767 	2.119749180624748 	0.32233429134751157   
0234u1_3_1_1 	1 	96 	40 	0.7539822368615503 	0.6725789259992476 	0.2528065924918865 	20 	 13.108287748490499 	11.58706426461959 	0.65 	0.4841229182759271 	1.440745142582598 	2.909090909090909 	0.001216 	0.0348499834146302 	0.0 	0.0   
0234u1_4_1_1 	1 	57 	31 	0.7453518470535617 	0.7409499162763622 	0.15412033675305872 	15 	 11.62097343873407 	8.164921907398869 	0.4838709677419355 	0.45391120256355777 	1.445997555644471 	0.95 	0.002674285714285714 	0.044828472649541644 	2.406115948171361 	0.8217895406869815   
0246u1_1_1_1 	1 	183 	61 	0.618018226935697 	0.7244345491714864 	0.18212614851439735 	33 	 21.697054127258845 	12.70996201242363 	0.5573770491803278 	0.456079598139133 	1.557683572815796 	0.8243243243243243 	0.00915458064516129 	0.08491568996617056 	1.8345229197587891 	0.029883221217982075   
