0001p1_1_1_2 	2 	427 	1.006913164258091 	0.7722374138396925 	0.12989928195442144 	0.3150684931506849 	1.2901681420543303	0.9488888888888889 	0.12767932808777818 
0001p1_3_1_2 	2 	436 	1.086875141412537 	0.8850718061703359 	0.08177470403695838 	0.4507042253521127 	1.317504047320417	0.9540481400437637 	0.13884014340212605 
0003f1_1_1_2 	2 	426 	0.5931605409104718 	0.6349629168606783 	0.23728184378283124 	0.5368421052631579 	1.5470389734328507	0.8114285714285714 	0.11093984153378866 
0003f1_2_1_2 	2 	447 	0.4999259224473611 	0.6559627294585847 	0.1614658933939957 	0.27358490566037735 	1.3927935356134504	0.8097826086956522 	0.13418057206935993 
0003f1_3_1_2 	2 	172 	0.6003932626860493 	0.7159818480516561 	0.21077465296162853 	0.6 	1.485066226673575	0.7889908256880734 	0.08362206832455192 
0003s1_1_1_1 	1 	533 	0.9492453992989567 	0.805448646532477 	0.10400643357951642 	0.36904761904761907 	1.5347941787468617	0.941696113074205 	0.1358112928596699 
0003s1_3_1_1 	1 	645 	0.7790570017552544 	0.6822256500275008 	0.1406157600118294 	0.22549019607843138 	1.473652601291165	0.8554376657824934 	0.1467408241039292 
0003s1_5_1_1 	1 	563 	0.8179982259086848 	0.6920137890593143 	0.1274620748336703 	0.21505376344086022 	1.4779629935304686	0.8993610223642172 	0.1405208232734236 
0004p1_1_1 	1 	308 	0.39490278024922204 	0.6015274340047673 	0.2214417963034342 	0.40404040404040403 	1.4794007573199413	0.6936936936936937 	0.09076473736666046 
0004p1_2_1 	1 	220 	0.5332950492204896 	0.6539422297026155 	0.24275723774837388 	0.4166666666666667 	1.3304228723430807	0.7942238267148014 	0.09122503449979939 
0004p1_3_1 	1 	295 	0.5792311455056182 	0.7403651615337739 	0.17258695447617617 	0.475 	1.4124929398194939	0.7682291666666666 	0.1128726060285334 
0005p1_2_1 	1 	326 	0.5670085564402892 	0.6139348306825018 	0.22755033849751388 	0.5176470588235295 	1.5427387951428924	0.7951219512195122 	0.08371184836794088 
0005p1_4_1 	1 	299 	0.5726786791180296 	0.6757407363997963 	0.20058619913418965 	0.5185185185185185 	1.5300196630264724	0.7868421052631579 	0.10155396218910927 
0006p1_1_1_2 	2 	358 	0.6082694267091109 	0.6747953626189755 	0.1538859636186202 	0.3023255813953488 	1.4450500964617163	0.8364485981308412 	0.12039195427978712 
0006p1_3_1_2 	2 	171 	0.47869221988314065 	0.7148826229359234 	0.18523857075039946 	0.40298507462686567 	1.316416570193739	0.890625 	0.08717187045875585 
0006s1_3_1_1 	1 	272 	0.6414060437428589 	0.7748278234130465 	0.10795000650591334 	0.2328767123287671 	1.3018385129212349	0.9066666666666666 	0.09523166609820956 
0006t1_2_1_1 	1 	303 	0.566271608588761 	0.7163494839340603 	0.18902125550829438 	0.5487804878048781 	1.5450569302508264	0.7973684210526316 	0.09147506539076826 
0006t1_3_1_1 	1 	192 	0.5217870151291006 	0.6791546721637247 	0.2165188656155784 	0.5 	1.452078125424618	0.810126582278481 	0.0787322396331024 
0007p1_1_1 	1 	1419 	0.526691868554338 	0.6031415356039511 	0.18436418604700328 	0.3858695652173913 	1.545545330211167	0.8975332068311196 	0.13574165642234387 
0007p1_3_1 	1 	178 	0.3772666502539944 	0.6713076871715592 	0.18116604176413173 	0.4155844155844156 	1.4969311387058517	0.7672413793103449 	0.09005145627017808 
0008p1_1_1_2 	2 	1319 	1.113614810557629 	0.8242222082116586 	0.09183562832992848 	0.4098360655737705 	1.4883264503749838	0.9641812865497076 	0.19825639194675806 
0008p1_2_1_1 	1 	1191 	0.8589616277377051 	0.7775144974840078 	0.12537917003039387 	0.44696969696969696 	1.5860391131582905	0.8868205510052122 	0.20757058833166372 
0008p1_2_2_1 	1 	344 	0.7290995937492925 	0.6602225897757397 	0.19132229900083356 	0.5454545454545454 	1.5321677898131747	0.9028871391076115 	0.09922025186045144 
0008p1_3_1_2 	2 	1205 	0.9848124733547607 	0.7090450560688804 	0.10699122664769717 	0.1693548387096774 	1.2870671729355354	0.9450980392156862 	0.12676343464798945 
0008p1_4_1_1 	1 	753 	0.7679958666189803 	0.8078923479560021 	0.13266046758818476 	0.44144144144144143 	1.3780214655033909	0.8766006984866124 	0.1504035301093981 
0008p1_4_2_1 	1 	310 	0.5937471255069873 	0.7905291115755473 	0.14070769261492627 	0.4567901234567901 	1.4891078561684332	0.8333333333333334 	0.11062068026504057 
0011p1_1_1_2 	2 	400 	0.9179233465565503 	0.8039768474689264 	0.12870187130290683 	0.4594594594594595 	1.4725003469327742	0.9280742459396751 	0.1103415293946282 
0011p1_1_2_2 	2 	1306 	0.6028165297466697 	0.6554315392059725 	0.2547860879240239 	0.6363636363636364 	1.5523585473235968	0.8782784129119031 	0.16010283641120973 
0013p1_4_1 	1 	1024 	0.7732686442583855 	0.7055354722523928 	0.11776679737372801 	0.2248062015503876 	1.4211293679371342	0.8737201365187713 	0.14397813380664748 
0014p1_4_1 	1 	1073 	0.6155823442844864 	0.6857456518992101 	0.2129048814651837 	0.43243243243243246 	1.422318844411722	0.7758496023138105 	0.1601667251439836 
0016p1_2_1_1 	1 	128 	0.6981317007977318 	0.7102686357030153 	0.15843547099658797 	0.2916666666666667 	1.2996509635498965	0.847682119205298 	0.05674549579395804 
0016p1_2_1 	1 	552 	0.9378902892274559 	0.8541659610734298 	0.1014220184104485 	0.43023255813953487 	1.4064924640227723	0.9261744966442953 	0.12827232440053218 
0016p1_4_1 	1 	687 	0.7981783110266967 	0.7237119872197183 	0.135421880755024 	0.28846153846153844 	1.4877104490872703	0.8818998716302953 	0.15802707569884694 
0019t1_3_1_2 	2 	265 	0.6606007166842255 	0.7229755487855845 	0.15624605240864367 	0.5352112676056338 	1.553074215804966	0.8803986710963455 	0.11431538075864828 
0019t1_4_1_2 	2 	351 	0.4991847086509812 	0.6266878271540657 	0.20709005068097883 	0.3617021276595745 	1.3605659367218303	0.7163265306122449 	0.12202649192685572 
0020p1_1_1_2 	2 	107 	0.6354450168886727 	0.6527714688005471 	0.2153287573459702 	0.5869565217391305 	1.573404239408421	0.9145299145299145 	0.0668248426093769 
0020p1_3_1_2 	2 	668 	0.5829399701661061 	0.6228173191729655 	0.2432501983766352 	0.5083333333333333 	1.565669707706151	0.8067632850241546 	0.15045927798180458 
0021t1_1_1 	1 	196 	0.5326575779442901 	0.6756994441138756 	0.16328493053944887 	0.39705882352941174 	1.5110014277261334	0.8132780082987552 	0.08822869472366672 
0021t1_2_1 	1 	263 	0.9180431865490174 	0.8257638822348495 	0.08246297462067857 	0.26666666666666666 	1.2772182212917025	0.9392857142857143 	0.10705807235444177 
0022p1_1_2 	2 	248 	0.8952771940135233 	0.8083501945919186 	0.11996381271484331 	0.559322033898305 	1.5138577149578745	0.915129151291513 	0.08494324872795282 
0022p1_3_2 	2 	296 	0.8044216483240301 	0.6805455768531575 	0.1472062342277533 	0.2647058823529412 	1.4465044542453078	0.9079754601226994 	0.10059642088303226 
0024p1_2_1 	1 	487 	0.44706132582313657 	0.6071762236057808 	0.21191065708717277 	0.39316239316239315 	1.5305418504326966	0.7573872472783826 	0.11195812235477075 
0024t1_2_1 	1 	123 	0.5942574338970312 	0.7331660631540227 	0.17318605774839269 	0.45098039215686275 	1.4000543482270538	0.7784810126582279 	0.07307928252228843 
0024t1_4_1 	1 	175 	0.44879895051282753 	0.6289136895151884 	0.225761047408047 	0.45714285714285713 	1.4696379521368974	0.7575757575757576 	0.06936849739927371 
0025p1_2_1 	1 	992 	0.6182225575007091 	0.739827128970999 	0.18986338769742986 	0.6619718309859155 	1.5117940738215505	0.7829518547750592 	0.1520887201350154 
0025p1_4_1 	1 	735 	0.6308505157812986 	0.6771597347216145 	0.16274775958318718 	0.3140495867768595 	1.5022206248793473	0.8428899082568807 	0.09861104686457312 
0026t1_1_1 	1 	1171 	0.831885351880524 	0.7496554549341071 	0.10772820749292546 	0.2631578947368421 	1.4237850389890927	0.9198743126472899 	0.17663391287297273 
0026t1_2_1 	1 	1187 	0.6997692775025491 	0.6531093812532396 	0.19187963290759147 	0.5 	1.5906810665911544	0.9095785440613027 	0.17775497264233533 
0027t1_1_1_1 	1 	359 	0.8020136978764343 	0.721986271730133 	0.13668390578224388 	0.32 	1.4825973820346792	0.8975 	0.112296603877662 
0027t1_1_2_2 	2 	228 	0.6994952392758523 	0.7478503544650521 	0.18108560124290016 	0.53125 	1.376687344155569	0.8475836431226765 	0.1191508548585182 
0027t1_4_1_1 	1 	545 	0.6455530195895701 	0.6840098985664692 	0.2115562098359915 	0.6116504854368932 	1.5695454402270057	0.8949096880131363 	0.14805744246805222 
0027t1_4_2_2 	2 	158 	1.0255612381553458 	0.8509116691717004 	0.10571945892173076 	0.5454545454545454 	1.4857460149435795	0.9518072289156626 	0.08325235354074757 
0028p1_1_1 	1 	272 	0.6241878756584542 	0.6813726463117826 	0.15482881304435242 	0.28378378378378377 	1.4949377534272918	0.9066666666666666 	0.08793837635242865 
0028p1_3_1 	1 	263 	0.8597698937503805 	0.8092632583942957 	0.13451178574512562 	0.5645161290322581 	1.4807814769238963	0.9228070175438596 	0.1053105577306923 
0029p1_2_2 	2 	691 	0.5834024519297358 	0.7624648752512065 	0.12183102264482863 	0.4016393442622951 	1.485321834377098	0.7942528735632184 	0.09400295151682436 
0029p1_3_1 	1 	1395 	0.5925529680581072 	0.6693487033972162 	0.14842659059396718 	0.3081395348837209 	1.5324043013322954	0.8026467203682394 	0.2098518210264274 
0029p1_4_2 	2 	462 	0.9302456695776219 	0.8562023777429326 	0.09075643875939722 	0.45569620253164556 	1.4350676859729075	0.927710843373494 	0.13457221395748176 
0030t1_1_1 	1 	179 	0.5667372990602902 	0.6338786979789822 	0.19627490052095398 	0.47619047619047616 	1.5523745770191528	0.8861386138613861 	0.07527889464457732 
0030t1_4_1 	1 	244 	0.6440231946867545 	0.6984749782665756 	0.18513349686056935 	0.4927536231884058 	1.5028253848020843	0.8356164383561644 	0.11159881151384721 
0031p1_1_2 	2 	479 	0.9893641558642412 	0.7561705977318912 	0.14879289949942842 	0.3717948717948718 	1.421641846346	0.9429133858267716 	0.13717646064504668 
0031t1_3_1 	1 	769 	0.770371412822242 	0.7378957980833337 	0.12953093868788243 	0.35714285714285715 	1.5229725860778118	0.8395196506550219 	0.09924513865398635 
0031t1_4_1 	1 	671 	0.5573424999824842 	0.7509596973712459 	0.1614471303898215 	0.34959349593495936 	1.4065224109941465	0.8212974296205631 	0.14154218692311857 
0032p1_2_1 	1 	345 	0.43353978619539146 	0.6325163300976846 	0.2267104386455463 	0.52 	1.5774054210685353	0.6764705882352942 	0.11352160729529903 
0032p1_4_1 	1 	139 	0.5017884272898376 	0.6556764924815623 	0.2044414103623846 	0.4406779661016949 	1.466220372136359	0.7637362637362637 	0.06720811909471124 
0032t1_1_1 	1 	163 	0.5504752513143093 	0.7230513832249807 	0.14826861590486287 	0.45901639344262296 	1.5259905826720952	0.8534031413612565 	0.06072544954939211 
0032t1_3_1 	1 	136 	0.6084109660209497 	0.6675582041837356 	0.2039458518826391 	0.4528301886792453 	1.522760432576054	0.8395061728395061 	0.07765089789768664 
0033p1_1_1 	1 	30 	0.6031857894892403 	0.6994856467707045 	0.2236742604533555 	0.44 	1.380448145866934	0.8823529411764706 	0.039565616157119156 
0033p1_2_1 	1 	187 	0.8058680743776288 	0.8331459845568163 	0.10071846805177623 	0.4074074074074074 	1.282673652582269	0.8904761904761904 	0.05551822768881849 
0033t1_2_1 	1 	89 	0.699004365423729 	0.7415757325988326 	0.16428179979407861 	0.425 	1.2368082848179327	0.9175257731958762 	0.039591518533655876 
0034p1_2_2 	2 	180 	0.8696450252151676 	0.8221091253784448 	0.10203477727427042 	0.5098039215686274 	1.4269492303607123	0.9278350515463918 	0.0973327317042143 
0034p1_4_2 	2 	147 	0.8362410503896779 	0.73185336248418 	0.13632959395936758 	0.46808510638297873 	1.527432504117026	0.9423076923076923 	0.07672162004439627 
0036p1_1_1 	1 	1385 	0.969281761020687 	0.8735183590244106 	0.07749050559848422 	0.44029850746268656 	1.3426546886667792	0.9370771312584574 	0.1169325678957373 
0036p1_3_1 	1 	1202 	1.0316766258083276 	0.8258732142286933 	0.07416538536246207 	0.24793388429752067 	1.4525540232396714	0.9442262372348782 	0.16700934376278187 
0037p1_2_2 	2 	287 	0.6411641540126369 	0.6572600585876469 	0.19030553047161433 	0.49333333333333335 	1.5529822024149593	0.875 	0.103551888865023 
0041t1_1_1 	1 	547 	0.8486178674141317 	0.6918371297384733 	0.14344710589531126 	0.25555555555555554 	1.4087254993253064	0.9086378737541528 	0.16250403477795827 
0042p1_3_1 	1 	39 	0.7841415263360123 	0.7316295024919585 	0.19706830831514482 	0.68 	1.4141194159754296	0.9285714285714286 	0.04466718243126984 
0042p1_4_2 	2 	220 	0.6965486357165579 	0.7209451810042518 	0.2165749585095503 	0.5714285714285714 	1.4383285898226277	0.8208955223880597 	0.09646065925584602 
0043p1_2_2 	2 	346 	0.5250530410057087 	0.6526656786484646 	0.15414347747160356 	0.26373626373626374 	1.4928300339065195	0.7899543378995434 	0.03421067238288206 
0044t1_2_1 	1 	189 	0.5798447378207724 	0.681397196331598 	0.18472919166784818 	0.40625 	1.478158455214989	0.7875 	0.08779784464169757 
0045t1_1_1 	1 	2145 	0.8701854651278547 	0.7879745063156818 	0.1264525374250693 	0.5284090909090909 	1.5904812384300846	0.9092835947435354 	0.27771863326188173 
0045t1_2_1 	1 	1924 	0.8989328175946999 	0.6878623492125329 	0.14858939898971973 	0.4024390243902439 	1.5424595927997242	0.947316592811423 	0.2586543834093667 
0046t1_3_1 	1 	242 	0.4414373187218638 	0.6709596994590685 	0.1880299188334001 	0.39759036144578314 	1.4138344442199817	0.7658227848101266 	0.08238086678978947 
0046t1_4_1 	1 	287 	0.7154430403334819 	0.7114760754337331 	0.16056982956830357 	0.5211267605633803 	1.5409234021307139	0.8803680981595092 	0.08947994812345986 
0048t1_3_1 	1 	230 	0.39078762051143995 	0.6760896655988867 	0.21311597082829162 	0.5697674418604651 	1.5275800102748105	0.7876712328767124 	0.08536685302647211 
0050t1_1_1 	1 	152 	0.7640353333530376 	0.8223657981494672 	0.10492193136350718 	0.46 	1.4905747973910777	0.8685714285714285 	0.09343048558576589 
0050t1_2_1 	1 	319 	0.6761127046686753 	0.729140616430145 	0.16975194235598143 	0.5454545454545454 	1.531615035264278	0.8137755102040817 	0.09640155730001086 
0051p1_1_1 	1 	1110 	0.3823544141317037 	0.6567494379032601 	0.19804270684716377 	0.46596858638743455 	1.5608236549066423	0.6491228070175439 	0.14955519204977155 
0051p1_2_1 	1 	375 	0.46195363007398194 	0.6653354821887376 	0.1543724938662451 	0.27722772277227725 	1.4821866410386035	0.8029978586723768 	0.05679101182378461 
0059p1_1_2 	2 	1602 	0.7863799111016951 	0.740206067153186 	0.11579676861038092 	0.3125 	1.544859596046369	0.9071347678369196 	0.19329111488673095 
0059p1_3_2 	2 	1077 	0.7651071938303368 	0.7914683819024229 	0.17001210615198603 	0.5112781954887218 	1.351573338842439	0.8534072900158478 	0.13663532670420922 
0059t1_1_1_1 	1 	240 	0.8965306026891204 	0.8200351094211304 	0.0904379571375342 	0.3103448275862069 	1.4270037228361205	0.9448818897637795 	0.09381265679610563 
0060u1_3_1_2 	2 	231 	0.559959801681514 	0.6337804200219376 	0.2413358947969638 	0.5694444444444444 	1.568959872224893	0.7938144329896907 	0.08788038059426419 
0061p1_4_2 	2 	560 	0.9740024282409877 	0.8140865586091978 	0.12633059207515318 	0.6705882352941176 	1.5380584209839856	0.9605488850771869 	0.1797527401974207 
0061u1_1_1_2 	2 	359 	0.7810469270351355 	0.697571252379651 	0.17080531750522596 	0.5263157894736842 	1.5730439020700637	0.8952618453865336 	0.14493788765271015 
0061u1_1_2_2 	2 	353 	0.7886095692211178 	0.6856056780041516 	0.17344389675901078 	0.44 	1.568727362158341	0.8936708860759494 	0.11028989501370663 
0061u1_2_1_2 	2 	269 	0.8793844160412636 	0.7220307502823765 	0.15907143049271907 	0.5645161290322581 	1.5581414763930639	0.9087837837837838 	0.10648467091615528 
0061u1_2_2_2 	2 	297 	0.85679799643358 	0.7105994462671387 	0.17812196448523224 	0.5454545454545454 	1.5324764650245133	0.9166666666666666 	0.09236506543607326 
0062u1_1_1_2 	2 	297 	0.6461585998034408 	0.7049949867672951 	0.14642009443959844 	0.40789473684210525 	1.4757146479244	0.8272980501392758 	0.11031201931441348 
0069p1_2_2 	2 	263 	0.8881901294212476 	0.7929422339267057 	0.11784553065758618 	0.4262295081967213 	1.4769460623227477	0.9359430604982206 	0.09817094403534518 
0069p1_4_2 	2 	393 	0.8329538963473022 	0.7573340695891083 	0.08633806703445673 	0.1038961038961039 	1.2977138758269902	0.9401913875598086 	0.10761323729423983 
0072u1_1_1_2 	2 	36 	0.7238229473870883 	0.7915005075138961 	0.12299165258360019 	0.36 	1.2714419191067283	1.0 	0.0387172001591024 
0072u1_2_1_2 	2 	31 	0.8833503152950892 	0.75231365607728 	0.1438430726392578 	0.42857142857142855 	1.1557718893227271	1.0 	0.03910716565397947 
0075p1_1_2 	2 	626 	0.5034590722936859 	0.6692309661575551 	0.21722968826851718 	0.528 	1.4851436729190228	0.7488038277511961 	0.1539104889132994 
0075p1_2_2 	2 	347 	0.9713812883008761 	0.798532572162411 	0.1178168152509329 	0.5074626865671642 	1.5528605350325706	0.9327956989247311 	0.10668200768025525 
0076p1_1_2 	2 	197 	0.5052193900058687 	0.6131423521867572 	0.23644116498635928 	0.44285714285714284 	1.512095693390701	0.8040816326530612 	0.09162828101871442 
0076p1_3_2 	2 	302 	0.5929756133650734 	0.7348333129497178 	0.13555059046489545 	0.275 	1.3331311048492158	0.8365650969529086 	0.10492012643910002 
0076u1_1_2 	2 	429 	0.5729591873270364 	0.7293590660932724 	0.17193122998653426 	0.4948453608247423 	1.5325598240254172	0.8395303326810176 	0.12407194841490589 
0076u1_2_2 	2 	270 	0.6544984694978735 	0.6686351056298803 	0.1321353897797334 	0.18055555555555555 	1.452810599414238	0.9 	0.09679303199900181 
0080p1_1_2 	2 	363 	0.9865035754784559 	0.798228030144073 	0.08177758812232185 	0.22058823529411764 	1.3683731825552718	0.9705882352941176 	0.10308452777974832 
0080u1_2_2 	2 	89 	0.8169517784353297 	0.7384001874745092 	0.1252195034823668 	0.32432432432432434 	1.3921927694775602	0.9270833333333334 	0.04965514740689026 
0084u1_1_2 	2 	99 	0.7052554936630149 	0.8156544767957887 	0.14384575758863902 	0.5 	1.2671575675357878	0.9 	0.06605016025958992 
0084u1_2_2 	2 	244 	0.6631043317265654 	0.7319898568967711 	0.1282185023635098 	0.27941176470588236 	1.491106318017452	0.8905109489051095 	0.10200184794405759 
0084u1_3_2 	2 	134 	0.5994637459324063 	0.6563447366469705 	0.23325193121292756 	0.6226415094339622 	1.4935460314322415	0.881578947368421 	0.04994361786214136 
0088b1_3_1_1 	1 	1545 	0.648703351237426 	0.6485428071818231 	0.19043105516357473 	0.45664739884393063 	1.584076460120249	0.8479692645444566 	0.18625543138485884 
0095u1_1_2 	2 	230 	0.5575357332759664 	0.5750893336977101 	0.18653157920013336 	0.2916666666666667 	1.4572346938574399	0.9623430962343096 	0.0250244247534284 
0097u1_4_2 	2 	40 	0.8726646259971648 	0.7979847884891873 	0.1366345318306649 	0.4166666666666667 	1.4495288790429992	0.975609756097561 	0.03757902688330799 
0100u1_3_2 	2 	667 	0.7054767443630643 	0.6736256023411377 	0.1938719836275393 	0.43119266055045874 	1.4891204585504918	0.8421717171717171 	0.06290775815007107 
0100u1_4_2 	2 	904 	0.9220030058745793 	0.7611408489312627 	0.08807505550036437 	0.17117117117117117 	1.3804472435657384	0.9224489795918367 	0.14885548931260367 
0104u1_3_1_2 	2 	121 	0.6332906473708705 	0.6498637145466026 	0.1980293262477892 	0.5102040816326531 	1.5256630974916576	0.8344827586206897 	0.06741203671603521 
0104u1_3_2_2 	2 	58 	0.5623838700870617 	0.7611455449315523 	0.21604101368363374 	0.5833333333333334 	1.306660357629222	0.8656716417910447 	0.030968981748504907 
0104u1_4_1_2 	2 	91 	0.7518341393206343 	0.7114935240242172 	0.16338451024847375 	0.3333333333333333 	1.504013236377467	0.900990099009901 	0.05435672681462709 
0104u1_4_2_2 	2 	627 	0.4809029770021485 	0.6139149402235138 	0.23515994663641757 	0.4453125 	1.5588527046198282	0.755421686746988 	0.1284734591865672 
0109u1_1_1_2 	2 	349 	0.80088811987059 	0.6724845490483918 	0.1300632224051121 	0.1891891891891892 	1.37856183187091	0.8880407124681934 	0.08749349999513602 
0109u1_1_2_2 	2 	80 	0.8696450252151676 	0.7788997821186716 	0.12517216380632096 	0.29411764705882354 	1.194109016622313	0.9302325581395349 	0.06289989532386998 
0109u1_2_1_2 	2 	562 	0.8165452983315822 	0.7498796066573162 	0.13736597851886503 	0.44086021505376344 	1.547929137292084	0.8528072837632777 	0.13293150440764995 
0109u1_2_2_2 	2 	171 	0.45134412414522546 	0.6768763861761271 	0.2498104886875024 	0.5362318840579711 	1.3490007264962705	0.76 	0.09097258898199044 
0109u1_2_3_2 	2 	100 	0.8261913618908069 	0.7130372038670981 	0.1787807631877816 	0.5128205128205128 	1.5432752328784018	0.9090909090909091 	0.06468517847111308 
0109u1_3_2 	2 	115 	0.7464527999231947 	0.7115147475831606 	0.14427474190747316 	0.3409090909090909 	1.493072925134912	0.8914728682170543 	0.06744928782994992 
0109u1_4_2 	2 	112 	0.8372596721048348 	0.764614579227896 	0.0880157396393544 	0.14634146341463414 	1.3261263915527	0.9256198347107438 	0.07159349067175183 
0114u1_3_1_1 	1 	1385 	0.555537147718965 	0.7463657858386653 	0.14908667664996758 	0.536723163841808 	1.5069985948830502	0.7996535796766744 	0.16695518085478292 
0121u1_1_2 	2 	109 	0.7764934223158445 	0.8084835608940997 	0.13607168671391193 	0.4523809523809524 	1.396693732285171	0.923728813559322 	0.0651506172534075 
0121u1_2_2 	2 	133 	0.9942458606244914 	0.8492322299061651 	0.10596837677604835 	0.5853658536585366 	1.3172795058091362	0.95 	0.07216916102181493 
0130u1_2_2 	2 	102 	0.842715189128623 	0.799807416960169 	0.11261901807606566 	0.48717948717948717 	1.3947930399714297	0.9272727272727272 	0.05807172120070819 
0134u1_2_2 	2 	82 	0.841177461532614 	0.8375415085181879 	0.11034045114948511 	0.4 	1.22635673174398	0.9318181818181818 	0.05973871118254952 
0154u1_1_2 	2 	175 	0.9159162255363827 	0.7619741494528619 	0.13939254397118583 	0.40816326530612246 	1.5021330383880818	0.9615384615384616 	0.07750685277199887 
0154u1_2_2 	2 	82 	0.841177461532614 	0.7405537540799553 	0.12073854147582913 	0.2571428571428571 	1.2873599310966493	0.9213483146067416 	0.06355215951484261 
0154u1_3_2 	2 	76 	0.9326603190344698 	0.850875579698737 	0.11425161180118032 	0.53125 	1.3806976099255466	0.9382716049382716 	0.0536778236221232 
0154u1_4_2 	2 	70 	0.7180783208205241 	0.708200066288657 	0.16439006867864756 	0.4857142857142857 	1.5525620341298583	0.9090909090909091 	0.05903454547524152 
0156u1_2_2 	2 	150 	0.363610260832152 	0.6541126584125236 	0.22158835653571163 	0.5833333333333334 	1.5527987493052764	0.6944444444444444 	0.07388448333339387 
0169u1_3_2 	2 	89 	0.862968352374974 	0.8212444173269928 	0.11658385412841708 	0.3611111111111111 	1.147753183615806	0.9368421052631579 	0.0478521816318892 
0174u1_3_2 	2 	294 	0.6932844737514725 	0.7386338124376357 	0.17139942793338647 	0.4931506849315068 	1.5390521503464751	0.8936170212765957 	0.09764345626067633 
0174u1_4_2 	2 	173 	0.9841476307307092 	0.7809518486832187 	0.13177488077614086 	0.3191489361702128 	1.4899806325895635	0.9453551912568307 	0.08405263845784804 
0197u1_1_2 	2 	266 	0.5942497037190293 	0.6596191994663176 	0.22102264487941387 	0.5866666666666667 	1.5729765538418925	0.875 	0.07775332340265532 
0197u1_2_2 	2 	99 	0.47830476386834225 	0.6022445504029794 	0.25146645643192345 	0.5490196078431373 	1.5694408830568667	0.7557251908396947 	0.06718673251353606 
0197u1_3_2 	2 	398 	0.4368429997829462 	0.6131351313252642 	0.20936166315216737 	0.308411214953271 	1.3718394226698545	0.7171171171171171 	0.11760288116857406 
0197u1_4_2 	2 	179 	0.9762935503343281 	0.794831676457742 	0.12819684082982133 	0.4583333333333333 	1.4143146643754072	0.9623655913978495 	0.07601827732010928 
0206u1_1_2 	2 	78 	0.6787928725207864 	0.7827700256417481 	0.1562588747709109 	0.3157894736842105 	1.2219213259340933	0.9069767441860465 	0.06096342800165817 
0206u1_2_2 	2 	423 	0.5889833540026514 	0.7352321019611673 	0.14953644277279884 	0.3684210526315789 	1.5148076858235782	0.8181818181818182 	0.07371359682666223 
0213u1_1_1_2 	2 	374 	0.6209304544550576 	0.6594344429870044 	0.1707107454359195 	0.3793103448275862 	1.5568910727950356	0.8112798264642083 	0.10766243756918589 
0213u1_1_2_2 	2 	182 	0.3857445525068931 	0.6642463515669244 	0.2169184369234747 	0.42857142857142855 	1.4662230982038367	0.7222222222222222 	0.08931108219279557 
0213u1_1_3_2 	2 	92 	0.4815102442819841 	0.6439027943798368 	0.24610658724094372 	0.40816326530612246 	1.3500823898966918	0.8070175438596491 	0.06689672403008347 
0213u1_2_2_2 	2 	46 	0.6873401287283257 	0.7619681465760403 	0.15117149025376023 	0.4827586206896552 	1.4800780695948932	0.9019607843137255 	0.04836000673124027 
0213u1_3_2 	2 	58 	0.8098327729253689 	0.7635183896007194 	0.13053608214407306 	0.36666666666666664 	1.3483994164372506	0.9508196721311475 	0.04512354254464997 
0214u1_1_2_1 	1 	889 	0.4899567333084209 	0.7098814874232083 	0.21008198042614964 	0.5231788079470199 	1.5011188655446777	0.6891472868217055 	0.13224677111763447 
0214u1_2_1_1 	1 	1143 	0.4288978951958116 	0.662307641186302 	0.2049199425149317 	0.4918032786885246 	1.524457369406295	0.7051202961135101 	0.1935841270674588 
0216u1_4_2_2 	2 	42 	0.7807508369868126 	0.7509307704147515 	0.16309725810346612 	0.34615384615384615 	1.172249126263804	0.9545454545454546 	0.03998572323350757 
0220u1_1_2 	2 	641 	0.9944498226918802 	0.7966727050535876 	0.10037636879724574 	0.2777777777777778 	1.4395928616445957	0.9236311239193083 	0.13260508162624104 
0220u1_2_2 	2 	641 	0.5411880921663685 	0.6439852126001335 	0.17043617436394481 	0.38524590163934425 	1.561704382014407	0.7436194895591647 	0.10173327603147767 
0234u1_3_1_1 	1 	96 	0.7539822368615503 	0.6725789259992476 	0.2528065924918865 	0.65 	1.440745142582598	2.909090909090909 	0.0348499834146302 
0234u1_4_1_1 	1 	57 	0.7453518470535617 	0.7409499162763622 	0.15412033675305872 	0.4838709677419355 	1.445997555644471	0.95 	0.044828472649541644 
0246u1_1_1_1 	1 	183 	0.618018226935697 	0.7244345491714864 	0.18212614851439735 	0.5573770491803278 	1.557683572815796	0.8243243243243243 	0.08491568996617056 
